0, 961, 0.786095006849
0, 962, 0.960419053319
0, 963, 0.5188985802
1, 961, 0.340290579302
1, 962, 0.212108194955
1, 963, 0.143819685778
2, 961, 0.853250355941
2, 962, 0.517689180088
2, 963, 0.463711558062
3, 961, 0.642230259435
3, 962, 0.328527697455
3, 963, 0.742605738713
4, 961, 0.45347047309
4, 962, 0.287100765981
4, 963, 0.760635383744
5, 961, 0.0345165584593
5, 962, 0.989707163199
5, 963, 0.968722043474
6, 961, 0.579691138849
6, 962, 0.0883235559843
6, 963, 0.123307526044
7, 961, 0.113766093272
7, 962, 0.0605363784504
7, 963, 0.846397636021
8, 961, 0.320329735033
8, 962, 0.557768243838
8, 963, 0.375604708219
9, 961, 0.548145314852
9, 962, 0.684416344119
9, 963, 0.257110099516
10, 961, 0.0292348782403
10, 962, 0.769822947681
10, 963, 0.966713327723
11, 961, 0.306534709174
11, 962, 0.407384159355
11, 963, 0.317491915111
12, 961, 0.266361783331
12, 962, 0.382872859328
12, 963, 0.931529201148
13, 961, 0.83971025595
13, 962, 0.593456999353
13, 963, 0.425168439751
14, 961, 0.343933271863
14, 962, 0.64524700756
14, 963, 0.556705880283
15, 961, 0.0551336082067
15, 962, 0.557441551574
15, 963, 0.596923786365
16, 961, 0.731744431362
16, 962, 0.856524978737
16, 963, 0.955138652485
17, 961, 0.131591216992
17, 962, 0.139133935992
17, 963, 0.531948660103
18, 961, 0.713432880177
18, 962, 0.206573855233
18, 963, 0.857803385383
19, 961, 0.5480596083
19, 962, 0.179493335555
19, 963, 0.958391352397
20, 961, 0.830407328454
20, 962, 0.111161624667
20, 963, 0.149436558833
21, 961, 0.124216103358
21, 962, 0.358981226639
21, 963, 0.590095487289
22, 961, 0.267357747868
22, 962, 0.388180475346
22, 963, 0.119229830448
23, 961, 0.361997530243
23, 962, 0.531888500615
23, 963, 0.523541877345
24, 961, 0.394782423024
24, 962, 0.116434805767
24, 963, 0.168630313474
25, 961, 0.490657943366
25, 962, 0.305519776475
25, 963, 0.996021080852
26, 961, 0.44153381868
26, 962, 0.204085979938
26, 963, 0.493175321028
27, 961, 0.933083178565
27, 962, 0.962264512881
27, 963, 0.554330579986
28, 961, 0.56670710831
28, 962, 0.0613008525934
28, 963, 0.725832588851
29, 961, 0.650686215353
29, 962, 0.480018974881
29, 963, 0.5305408125
30, 961, 0.507830435188
30, 962, 0.467511661534
30, 963, 0.6135023146
31, 961, 0.341276136842
31, 962, 0.822144930267
31, 963, 0.851912366269
32, 961, 0.00630745601285
32, 962, 0.39527443251
32, 963, 0.883785673327
33, 961, 0.90703977034
33, 962, 0.146078564145
33, 963, 0.278186477597
34, 961, 0.898916938333
34, 962, 0.9273238878
34, 963, 0.391217492424
35, 961, 0.910052222184
35, 962, 0.838804168981
35, 963, 0.697158924994
36, 961, 0.94405582474
36, 962, 0.458559808707
36, 963, 0.852053536867
37, 961, 0.439328080083
37, 962, 0.843298924224
37, 963, 0.606967078652
38, 961, 0.0261642545169
38, 962, 0.125601687939
38, 963, 0.174972696381
39, 961, 0.833402749913
39, 962, 0.848417867665
39, 963, 0.288473892486
40, 961, 0.308694526715
40, 962, 0.74591992373
40, 963, 0.55137144821
41, 961, 0.354728820257
41, 962, 0.710652513618
41, 963, 0.305309208609
42, 961, 0.149754102724
42, 962, 0.64448506566
42, 963, 0.663753583456
43, 961, 0.776222662812
43, 962, 0.0232735372697
43, 963, 0.520812729249
44, 961, 0.47235347002
44, 962, 0.317085224152
44, 963, 0.431122160149
45, 961, 0.827928433533
45, 962, 0.0263439120377
45, 963, 0.385892484056
46, 961, 0.135289707969
46, 962, 0.405092560793
46, 963, 0.33494456149
47, 961, 0.297402338925
47, 962, 0.722011102484
47, 963, 0.121437207605
48, 961, 0.939830271867
48, 962, 0.820653152558
48, 963, 0.236833038842
49, 961, 0.227151900535
49, 962, 0.267152665638
49, 963, 0.681900280795
50, 961, 0.398729955167
50, 962, 0.0731092014165
50, 963, 0.87609699253
51, 961, 0.8630123982
51, 962, 0.720336978853
51, 963, 0.535048720881
52, 961, 0.221131719248
52, 962, 0.944409249099
52, 963, 0.0307158042112
53, 961, 0.983501513673
53, 962, 0.880897139125
53, 963, 0.135821127465
54, 961, 0.119881510525
54, 962, 0.544060556977
54, 963, 0.24516849858
55, 961, 0.57495982146
55, 962, 0.613978104981
55, 963, 0.152064785975
56, 961, 0.205245853906
56, 962, 0.0229871221158
56, 963, 0.897013532148
57, 961, 0.729292078189
57, 962, 0.178616003274
57, 963, 0.47267720832
58, 961, 0.92368782156
58, 962, 0.499892959222
58, 963, 0.679918483118
59, 961, 0.259044415559
59, 962, 0.0225789555436
59, 963, 0.312881705129
60, 961, 0.568283554228
60, 962, 0.392541231257
60, 963, 0.258691316298
61, 961, 0.105521359564
61, 962, 0.587462886996
61, 963, 0.421896624069
62, 961, 0.480610258302
62, 962, 0.597941073472
62, 963, 0.264369225956
63, 961, 0.0955911624283
63, 962, 0.857666678794
63, 963, 0.412800989692
64, 961, 0.0491694189466
64, 962, 0.992627695471
64, 963, 0.657611703893
65, 961, 0.925912565554
65, 962, 0.88598142053
65, 963, 0.265737534496
66, 961, 0.718423375295
66, 962, 0.304631653502
66, 963, 0.937175988115
67, 961, 0.849848833401
67, 962, 0.43653437967
67, 963, 0.25020520885
68, 961, 0.141614872557
68, 962, 0.605746086418
68, 963, 0.343946747575
69, 961, 0.494956095027
69, 962, 0.470402422055
69, 963, 0.76048497103
70, 961, 0.550240488449
70, 962, 0.698131718776
70, 963, 0.106606535831
71, 961, 0.0907277377766
71, 962, 0.420910686841
71, 963, 0.182097569842
72, 961, 0.91795458975
72, 962, 0.0501100348506
72, 963, 0.318791193413
73, 961, 0.443492612421
73, 962, 0.200846718588
73, 963, 0.520531774852
74, 961, 0.376106703626
74, 962, 0.57351140447
74, 963, 0.468489273146
75, 961, 0.391608842752
75, 962, 0.0280224667305
75, 963, 0.72378826158
76, 961, 0.889900059261
76, 962, 0.529343044411
76, 963, 0.716716024954
77, 961, 0.26331401121
77, 962, 0.493030445978
77, 963, 0.289339481541
78, 961, 0.000129281449369
78, 962, 0.00263264252586
78, 963, 0.558495848903
79, 961, 0.214522405524
79, 962, 0.579290004828
79, 963, 0.510091259985
80, 961, 0.904808735355
80, 962, 0.0792667193545
80, 963, 0.932745736362
81, 961, 0.764105454784
81, 962, 0.961711661777
81, 963, 0.797240080068
82, 961, 0.757336768524
82, 962, 0.65681400989
82, 963, 0.37910657205
83, 961, 0.974189800092
83, 962, 0.384933131546
83, 963, 0.809329405493
84, 961, 0.290494097596
84, 962, 0.426791824179
84, 963, 0.374282355911
85, 961, 0.929257102033
85, 962, 0.386311410277
85, 963, 0.374536203307
86, 961, 0.904363947273
86, 962, 0.663085276144
86, 963, 0.994273898834
87, 961, 0.610717884991
87, 962, 0.0750563627665
87, 963, 0.843835900506
88, 961, 0.793775712371
88, 962, 0.624418048828
88, 963, 0.425015826016
89, 961, 0.113100398149
89, 962, 0.917431242734
89, 963, 0.955073338425
90, 961, 0.10476074597
90, 962, 0.0229586953074
90, 963, 0.282086568288
91, 961, 0.0633831742777
91, 962, 0.488016374092
91, 963, 0.36680650941
92, 961, 0.76785453932
92, 962, 0.293357353783
92, 963, 0.230596215964
93, 961, 0.407424628145
93, 962, 0.401093102422
93, 963, 0.105233354211
94, 961, 0.937803260924
94, 962, 0.473499757344
94, 963, 0.476311188044
95, 961, 0.107222251552
95, 962, 0.0115934457504
95, 963, 0.565377563398
96, 961, 0.181605631161
96, 962, 0.767135445887
96, 963, 0.00331353601713
97, 961, 0.221014274804
97, 962, 0.867050570828
97, 963, 0.977369429925
98, 961, 0.893306425176
98, 962, 0.121726895084
98, 963, 0.288857422883
99, 961, 0.824783008474
99, 962, 0.750210529744
99, 963, 0.682118493406
100, 961, 0.608080995826
100, 962, 0.135553332978
100, 963, 0.647290559524
101, 961, 0.339356633174
101, 962, 0.930681511913
101, 963, 0.288643589356
102, 961, 0.770335803564
102, 962, 0.319036910714
102, 963, 0.758439842978
103, 961, 0.836716895987
103, 962, 0.783602933778
103, 963, 0.995150947429
104, 961, 0.558479283413
104, 962, 0.547554942977
104, 963, 0.729852008314
105, 961, 0.0818065658731
105, 962, 0.16649274887
105, 963, 0.713302573063
106, 961, 0.0663969006721
106, 962, 0.383321804123
106, 963, 0.308544588115
107, 961, 0.872830421997
107, 962, 0.553645207238
107, 963, 0.347812770462
108, 961, 0.868727624882
108, 962, 0.646563937916
108, 963, 0.707929204321
109, 961, 0.566725159771
109, 962, 0.836884542001
109, 963, 0.16629041852
110, 961, 0.369615309851
110, 962, 0.656303988675
110, 963, 0.488387360218
111, 961, 0.141528128808
111, 962, 0.479235410641
111, 963, 0.271019562388
112, 961, 0.232580080129
112, 962, 0.456300685742
112, 963, 0.06221310508
113, 961, 0.475261225995
113, 962, 0.765550811543
113, 963, 0.0284794666928
114, 961, 0.748332290686
114, 962, 0.634212609844
114, 963, 0.795958249354
115, 961, 0.133096814992
115, 962, 0.779303600099
115, 963, 0.761439253376
116, 961, 0.372981590773
116, 962, 0.552550096614
116, 963, 0.426821191878
117, 961, 0.401650190643
117, 962, 0.993721601213
117, 963, 0.372254193994
118, 961, 0.091616171659
118, 962, 0.650115129932
118, 963, 0.893191571611
119, 961, 0.349440954307
119, 962, 0.272120061505
119, 963, 0.718154867492
120, 961, 0.282101775949
120, 962, 0.940650814486
120, 963, 0.418282248659
121, 961, 0.0391470234363
121, 962, 0.637052785149
121, 963, 0.961510602677
122, 961, 0.905573958396
122, 962, 0.886867909285
122, 963, 0.397045191257
123, 961, 0.767423321109
123, 962, 0.710579036437
123, 963, 0.646989061048
124, 961, 0.831017196606
124, 962, 0.444206377712
124, 963, 0.426011375802
125, 961, 0.481310900293
125, 962, 0.756500547369
125, 963, 0.515807204882
126, 961, 0.251034134722
126, 962, 0.0655127936886
126, 963, 0.92071116554
127, 961, 0.135964367301
127, 962, 0.752895440212
127, 963, 0.00539433224072
128, 961, 0.498208943473
128, 962, 0.070339070966
128, 963, 0.0861688374219
129, 961, 0.35138402195
129, 962, 0.989526304004
129, 963, 0.239806874429
130, 961, 0.897850244738
130, 962, 0.77226955936
130, 963, 0.604976967916
131, 961, 0.917908678783
131, 962, 0.63862403161
131, 963, 0.313134110869
132, 961, 0.298706180801
132, 962, 0.222486455132
132, 963, 0.902155891161
133, 961, 0.147043544096
133, 962, 0.584143594539
133, 963, 0.698501615936
134, 961, 0.918219899504
134, 962, 0.951555389536
134, 963, 0.733660661153
135, 961, 0.0328475298189
135, 962, 0.174548559908
135, 963, 0.848102311973
136, 961, 0.0620419123135
136, 962, 0.0437267563978
136, 963, 0.903227020793
137, 961, 0.869518281758
137, 962, 0.650119521648
137, 963, 0.538587370779
138, 961, 0.6003428621
138, 962, 0.0344991351621
138, 963, 0.910714382276
139, 961, 0.639599564667
139, 962, 0.40283766455
139, 963, 0.859198146965
140, 961, 0.273734099852
140, 962, 0.367639590731
140, 963, 0.660121484295
141, 961, 0.824666394718
141, 962, 0.0548531300159
141, 963, 0.997283265282
142, 961, 0.284323070227
142, 962, 0.476577330659
142, 963, 0.920468118481
143, 961, 0.291011828645
143, 962, 0.464996495194
143, 963, 0.954957366586
144, 961, 0.467946431043
144, 962, 0.73257729666
144, 963, 0.153459244679
145, 961, 0.91312963758
145, 962, 0.893213309261
145, 963, 0.824058408392
146, 961, 0.374813716905
146, 962, 0.703515858361
146, 963, 0.999238541844
147, 961, 0.541338417502
147, 962, 0.480949555075
147, 963, 0.735669942766
148, 961, 0.00876606997566
148, 962, 0.194958229003
148, 963, 0.705712105825
149, 961, 0.312919720314
149, 962, 0.887550654794
149, 963, 0.0343466170965
150, 961, 0.824935810609
150, 962, 0.582280606546
150, 963, 0.583265909849
151, 961, 0.852089772205
151, 962, 0.469651274525
151, 963, 0.448119934697
152, 961, 0.767078661882
152, 962, 0.582352358409
152, 963, 0.252973402702
153, 961, 0.248276024358
153, 962, 0.601701674121
153, 963, 0.22766768791
154, 961, 0.661976047614
154, 962, 0.612155456052
154, 963, 0.636469587408
155, 961, 0.305285065536
155, 962, 0.466789738514
155, 963, 0.670325353047
156, 961, 0.0788422783369
156, 962, 0.00376240513293
156, 963, 0.112394398303
157, 961, 0.85993749821
157, 962, 0.995565829337
157, 963, 0.319882826206
158, 961, 0.0097955782151
158, 962, 0.911633664583
158, 963, 0.187460304094
159, 961, 0.804383263493
159, 962, 0.311846645302
159, 963, 0.461663782437
160, 961, 0.0598054464965
160, 962, 0.684851419036
160, 963, 0.388176753504
161, 961, 0.75008908397
161, 962, 0.243641245025
161, 963, 0.448427182074
162, 961, 0.171179309369
162, 962, 0.773417618267
162, 963, 0.845086005316
163, 961, 0.207061858494
163, 962, 0.899344783243
163, 963, 0.768850081403
164, 961, 0.247590680168
164, 962, 0.247473558145
164, 963, 0.217942485666
165, 961, 0.464793781727
165, 962, 0.877117512251
165, 963, 0.509638776932
166, 961, 0.139259741352
166, 962, 0.66732260512
166, 963, 0.728135866174
167, 961, 0.412120248623
167, 962, 0.901330428399
167, 963, 0.182281935664
168, 961, 0.819960073838
168, 962, 0.672712961858
168, 963, 0.903183589588
169, 961, 0.926518666784
169, 962, 0.714186149802
169, 963, 0.0513380683852
170, 961, 0.462808577117
170, 962, 0.196039487505
170, 963, 0.0188381677453
171, 961, 0.62343152444
171, 962, 0.30090851719
171, 963, 0.730089405796
172, 961, 0.363522025701
172, 962, 0.600066614937
172, 963, 0.6179773455
173, 961, 0.681028262069
173, 962, 0.551851014363
173, 963, 0.946454430503
174, 961, 0.729267768063
174, 962, 0.658801166376
174, 963, 0.706820115437
175, 961, 0.0922553212043
175, 962, 0.780875068301
175, 963, 0.989902230562
176, 961, 0.481236046372
176, 962, 0.344799554516
176, 963, 0.974282517308
177, 961, 0.778479170994
177, 962, 0.720060451042
177, 963, 0.961174750174
178, 961, 0.180635609074
178, 962, 0.903137733072
178, 963, 0.146181071334
179, 961, 0.347315928239
179, 962, 0.907500731284
179, 963, 0.172501790438
180, 961, 0.734658808726
180, 962, 0.00656846458908
180, 963, 0.975739095424
181, 961, 0.342712638172
181, 962, 0.42754175063
181, 963, 0.0299570331195
182, 961, 0.0144302921038
182, 962, 0.676464982242
182, 963, 0.120068931481
183, 961, 0.320341802311
183, 962, 0.443294854197
183, 963, 0.389032692236
184, 961, 0.0424679945886
184, 962, 0.961576462883
184, 963, 0.337873106801
185, 961, 0.713070270062
185, 962, 0.482842996471
185, 963, 0.180019479988
186, 961, 0.0929066633857
186, 962, 0.514051605774
186, 963, 0.509458541472
187, 961, 0.63085532239
187, 962, 0.513647648328
187, 963, 0.357600916881
188, 961, 0.0120382237525
188, 962, 0.256651745297
188, 963, 0.0994751064828
189, 961, 0.546151516196
189, 962, 0.0606770740061
189, 963, 0.866351565602
190, 961, 0.317547882415
190, 962, 0.832213919251
190, 963, 0.292098555097
191, 961, 0.277761928901
191, 962, 0.699983884823
191, 963, 0.308455041969
192, 961, 0.912277130741
192, 962, 0.564550692726
192, 963, 0.437367887481
193, 961, 0.836489115381
193, 962, 0.0477138572408
193, 963, 0.839292716314
194, 961, 0.455811401844
194, 962, 0.591163772203
194, 963, 0.988167106687
195, 961, 0.146158635919
195, 962, 0.679931876066
195, 963, 0.512251348886
196, 961, 0.19195659052
196, 962, 0.523525906125
196, 963, 0.00320505171156
197, 961, 0.391659033678
197, 962, 0.410453431803
197, 963, 0.956474797067
198, 961, 0.775841325674
198, 962, 0.774269383729
198, 963, 0.159604307187
199, 961, 0.93138375195
199, 962, 0.777625736205
199, 963, 0.589188500227
200, 961, 0.283695154665
200, 962, 0.37987598929
200, 963, 0.642553290079
201, 961, 0.164762199218
201, 962, 0.168715636857
201, 963, 0.881766321317
202, 961, 0.774681581922
202, 962, 0.625099537137
202, 963, 0.276678100055
203, 961, 0.234008897413
203, 962, 0.298772642119
203, 963, 0.817081439298
204, 961, 0.078497528754
204, 962, 0.458053224309
204, 963, 0.185527567388
205, 961, 0.18569863773
205, 962, 0.215215691079
205, 963, 0.285703913321
206, 961, 0.683079994367
206, 962, 0.359713919713
206, 963, 0.421061599984
207, 961, 0.118159422006
207, 962, 0.992236585418
207, 963, 0.785201216872
208, 961, 0.844504904464
208, 962, 0.352558950188
208, 963, 0.161657390149
209, 961, 0.487756509834
209, 962, 0.809345589599
209, 963, 0.435022713884
210, 961, 0.821567283003
210, 962, 0.136345865394
210, 963, 0.0775597319425
211, 961, 0.0296801268589
211, 962, 0.673796273179
211, 963, 0.63961450263
212, 961, 0.00641126529488
212, 962, 0.490672604074
212, 963, 0.130299756269
213, 961, 0.937235921026
213, 962, 0.924722397868
213, 963, 0.187723243132
214, 961, 0.907835600349
214, 962, 0.528618644074
214, 963, 0.714535082121
215, 961, 0.270867204141
215, 962, 0.557018526028
215, 963, 0.712695093691
216, 961, 0.626836183524
216, 962, 0.0186102257043
216, 963, 0.951872466897
217, 961, 0.609081675899
217, 962, 0.0417666550887
217, 963, 0.388904220738
218, 961, 0.870731542609
218, 962, 0.0488101415152
218, 963, 0.453229712976
219, 961, 0.149363301711
219, 962, 0.93544064402
219, 963, 0.74132567396
220, 961, 0.386191669121
220, 962, 0.057802182679
220, 963, 0.874651859882
221, 961, 0.746050310134
221, 962, 0.788853415403
221, 963, 0.41261144065
222, 961, 0.191376451311
222, 962, 0.665669009856
222, 963, 0.536168838341
223, 961, 0.334994787194
223, 962, 0.712497040187
223, 963, 0.787767524163
224, 961, 0.501742959338
224, 962, 0.405237218801
224, 963, 0.87373697907
225, 961, 0.808728112882
225, 962, 0.787191159105
225, 963, 0.634826665378
226, 961, 0.168084451589
226, 962, 0.424166131321
226, 963, 0.318581738794
227, 961, 0.36760384104
227, 962, 0.0970261294029
227, 963, 0.889277145118
228, 961, 0.689447954483
228, 962, 0.0905178794045
228, 963, 0.438734577473
229, 961, 0.151050355215
229, 962, 0.36420207543
229, 963, 0.583045865002
230, 961, 0.429489378511
230, 962, 0.543213713946
230, 963, 0.47695551287
231, 961, 0.152412150356
231, 962, 0.830450650086
231, 963, 0.805744521478
232, 961, 0.761465189354
232, 962, 0.712672427051
232, 963, 0.27983331553
233, 961, 0.625755092482
233, 962, 0.797594725287
233, 963, 0.266991179904
234, 961, 0.447690427972
234, 962, 0.209854629168
234, 963, 0.0449747775487
235, 961, 0.0897396881093
235, 962, 0.77192906225
235, 963, 0.575326357878
236, 961, 0.26901261752
236, 962, 0.0258524723496
236, 963, 0.942811592222
237, 961, 0.975892574317
237, 962, 0.684381291791
237, 963, 0.438111912942
238, 961, 0.615787143578
238, 962, 0.642189224557
238, 963, 0.603314177372
239, 961, 0.644368202299
239, 962, 0.656686790388
239, 963, 0.715778122945
240, 961, 0.213180717856
240, 962, 0.110308757008
240, 963, 0.205168707469
241, 961, 0.383899404208
241, 962, 0.18823490217
241, 963, 0.501947281426
242, 961, 0.232336388906
242, 962, 0.897901923241
242, 963, 0.818533472098
243, 961, 0.806119549861
243, 962, 0.882644910404
243, 963, 0.870370222824
244, 961, 0.15359667245
244, 962, 0.628640587978
244, 963, 0.0578437410199
245, 961, 0.899662195443
245, 962, 0.901056204628
245, 963, 0.208374735626
246, 961, 0.877398344514
246, 962, 0.638240672346
246, 963, 0.194627488087
247, 961, 0.70737413914
247, 962, 0.468663098387
247, 963, 0.274083513562
248, 961, 0.779891599845
248, 962, 0.235845318317
248, 963, 0.371155419194
249, 961, 0.503573885166
249, 962, 0.808452862389
249, 963, 0.711544078337
250, 961, 0.200109840772
250, 962, 0.819588645718
250, 963, 0.166470015586
251, 961, 0.673183694905
251, 962, 0.932472575908
251, 963, 0.950880008822
252, 961, 0.995005433089
252, 962, 0.133361435198
252, 963, 0.788891847362
253, 961, 0.619170792664
253, 962, 0.184766961521
253, 963, 0.0863638025388
254, 961, 0.675261790946
254, 962, 0.599605516256
254, 963, 0.52846775292
255, 961, 0.752105234891
255, 962, 0.699538324763
255, 963, 0.288811169579
256, 961, 0.331431768831
256, 962, 0.912623613182
256, 963, 0.137962808347
257, 961, 0.457147352527
257, 962, 0.307170065441
257, 963, 0.508777080041
258, 961, 0.293802082409
258, 962, 0.550281266188
258, 963, 0.0989188914277
259, 961, 0.907742901017
259, 962, 0.974467150281
259, 963, 0.617780978428
260, 961, 0.52795149083
260, 962, 0.202018612457
260, 963, 0.0880181270343
261, 961, 0.544799431966
261, 962, 0.807554422556
261, 963, 0.437580972603
262, 961, 0.840241730859
262, 962, 0.596848256503
262, 963, 0.830222058265
263, 961, 0.148981402322
263, 962, 0.120734468433
263, 963, 0.34768377899
264, 961, 0.54388019312
264, 962, 0.34182394355
264, 963, 0.342884905682
265, 961, 0.390129521961
265, 962, 0.673957689322
265, 963, 0.0815701073835
266, 961, 0.659801281746
266, 962, 0.716782704379
266, 963, 0.202210631222
267, 961, 0.134656071396
267, 962, 0.140820728386
267, 963, 0.762142935238
268, 961, 0.749588248163
268, 962, 0.53834890256
268, 963, 0.622937312491
269, 961, 0.973617962127
269, 962, 0.446981298545
269, 963, 0.650365203574
270, 961, 0.0774840085331
270, 962, 0.528710668913
270, 963, 0.697729373041
271, 961, 0.593224214081
271, 962, 0.524507020893
271, 963, 0.82751485103
272, 961, 0.750133824932
272, 962, 0.262359065021
272, 963, 0.421377530951
273, 961, 0.479736905465
273, 962, 0.260280461106
273, 963, 0.766861732222
274, 961, 0.638847217156
274, 962, 0.400674021909
274, 963, 0.615601648227
275, 961, 0.730368575656
275, 962, 0.666323725866
275, 963, 0.641943046136
276, 961, 0.163004406649
276, 962, 0.0703135954414
276, 963, 0.752681834371
277, 961, 0.567981103856
277, 962, 0.828911360425
277, 963, 0.254313574782
278, 961, 0.0103853168584
278, 962, 0.77872251433
278, 963, 0.740509381026
279, 961, 0.0474018310962
279, 962, 0.414380376989
279, 963, 0.317650283099
280, 961, 0.893739303771
280, 962, 0.684429986693
280, 963, 0.951704143734
281, 961, 0.358065481639
281, 962, 0.194451722993
281, 963, 0.147509521711
282, 961, 0.93468890153
282, 962, 0.302522410624
282, 963, 0.751432533311
283, 961, 0.415752822679
283, 962, 0.673626859381
283, 963, 0.65216469765
284, 961, 0.527874267091
284, 962, 0.637620734964
284, 963, 0.402715455905
285, 961, 0.135562854168
285, 962, 0.104410378631
285, 963, 0.025326295642
286, 961, 0.215871780532
286, 962, 0.573584012552
286, 963, 0.100408073042
287, 961, 0.905056603934
287, 962, 0.892539867895
287, 963, 0.848965912655
288, 961, 0.373990117432
288, 962, 0.223759854495
288, 963, 0.678598791567
289, 961, 0.594298837608
289, 962, 0.904035039827
289, 963, 0.11734707126
290, 961, 0.542216226323
290, 962, 0.895324437014
290, 963, 0.104757031324
291, 961, 0.837423994375
291, 962, 0.168642462128
291, 963, 0.455416799704
292, 961, 0.239341398846
292, 962, 0.419578545232
292, 963, 0.911402291818
293, 961, 0.267109543769
293, 962, 0.387163194676
293, 963, 0.832276755928
294, 961, 0.930744004964
294, 962, 0.400693656513
294, 963, 0.232813951815
295, 961, 0.905286687675
295, 962, 0.503869716365
295, 963, 0.0959427184448
296, 961, 0.0331455308016
296, 962, 0.863495192918
296, 963, 0.0533363805545
297, 961, 0.288072366448
297, 962, 0.901804783682
297, 963, 0.37423971438
298, 961, 0.368650788537
298, 962, 0.217497466504
298, 963, 0.373022918338
299, 961, 0.713230640732
299, 962, 0.173826458312
299, 963, 0.473587448369
300, 961, 0.955205318456
300, 962, 0.323055201824
300, 963, 0.636088267196
301, 961, 0.822978500382
301, 962, 0.21439562276
301, 963, 0.511486026602
302, 961, 0.238199795236
302, 962, 0.239608804406
302, 963, 0.707985226432
303, 961, 0.247605614956
303, 962, 0.760904385848
303, 963, 0.104349063052
304, 961, 0.0295544231096
304, 962, 0.0437292105332
304, 963, 0.104647136293
305, 961, 0.708251921125
305, 962, 0.199271041451
305, 963, 0.491456491957
306, 961, 0.375693853571
306, 962, 0.588347860118
306, 963, 0.753067724029
307, 961, 0.495714287218
307, 962, 0.822318098415
307, 963, 0.786064173847
308, 961, 0.102397682063
308, 962, 0.351320920092
308, 963, 0.727017065879
309, 961, 0.981645349345
309, 962, 0.245570921103
309, 963, 0.197184886231
310, 961, 0.101168639441
310, 962, 0.561160541058
310, 963, 0.356315942686
311, 961, 0.841450769814
311, 962, 0.865547620566
311, 963, 0.440539576044
312, 961, 0.111083257769
312, 962, 0.830860833793
312, 963, 0.575351941168
313, 961, 0.0861749426731
313, 962, 0.232963209079
313, 963, 0.948187698993
314, 961, 0.452603539509
314, 962, 0.56664418544
314, 963, 0.351269029054
315, 961, 0.421518060198
315, 962, 0.0955242891996
315, 963, 0.453865380584
316, 961, 0.102057139189
316, 962, 0.546819358835
316, 963, 0.562501690805
317, 961, 0.255716339581
317, 962, 0.0700985168542
317, 963, 0.169717742403
318, 961, 0.119784523792
318, 962, 0.418808802451
318, 963, 0.854300176735
319, 961, 0.574845518688
319, 962, 0.145513754478
319, 963, 0.0431713746092
320, 961, 0.833025449519
320, 962, 0.0089810191699
320, 963, 0.581377911109
321, 961, 0.460017144736
321, 962, 0.542372337611
321, 963, 0.50963058638
322, 961, 0.775396164863
322, 962, 0.592853784482
322, 963, 0.535526935758
323, 961, 0.261870298769
323, 962, 0.954397892031
323, 963, 0.526457502164
324, 961, 0.304370742519
324, 962, 0.267748481689
324, 963, 0.0618055730025
325, 961, 0.200047866794
325, 962, 0.810638403917
325, 963, 0.0752508767651
326, 961, 0.814591761168
326, 962, 0.904072945382
326, 963, 0.518552812132
327, 961, 0.494107329747
327, 962, 0.254236956457
327, 963, 0.789178575191
328, 961, 0.573159911999
328, 962, 0.778913100916
328, 963, 0.514927996547
329, 961, 0.113848119707
329, 962, 0.216617142245
329, 963, 0.943427493464
330, 961, 0.653179937886
330, 962, 0.636772810799
330, 963, 0.307278556759
331, 961, 0.574329169925
331, 962, 0.245942572634
331, 963, 0.772585637661
332, 961, 0.939995022522
332, 962, 0.349649706191
332, 963, 0.589018062535
333, 961, 0.118055014249
333, 962, 0.804269420855
333, 963, 0.297783945906
334, 961, 0.188433696514
334, 962, 0.638032478041
334, 963, 0.281126947288
335, 961, 0.22331370385
335, 962, 0.911078597111
335, 963, 0.877232982218
336, 961, 0.535887089064
336, 962, 0.589678542793
336, 963, 0.658170016643
337, 961, 0.441903632356
337, 962, 0.976517627224
337, 963, 0.284163490552
338, 961, 0.235484759932
338, 962, 0.357181346703
338, 963, 0.721368420638
339, 961, 0.408577610888
339, 962, 0.503077747952
339, 963, 0.146507851248
340, 961, 0.648104496534
340, 962, 0.501728937822
340, 963, 0.770664735621
341, 961, 0.329536365344
341, 962, 0.853062953626
341, 963, 0.465031376739
342, 961, 0.926228770367
342, 962, 0.883852358536
342, 963, 0.0318173907554
343, 961, 0.894801815427
343, 962, 0.287607725889
343, 963, 0.0573012192895
344, 961, 0.780476368619
344, 962, 0.307193480044
344, 963, 0.424451832819
345, 961, 0.127936207672
345, 962, 0.594243643035
345, 963, 0.868344083005
346, 961, 0.905760532258
346, 962, 0.655953010077
346, 963, 0.158397391684
347, 961, 0.814443437024
347, 962, 0.714602190254
347, 963, 0.338266160789
348, 961, 0.706432536298
348, 962, 0.169505272793
348, 963, 0.0121665302994
349, 961, 0.153761194664
349, 962, 0.98785442043
349, 963, 0.332039757972
350, 961, 0.75276878793
350, 962, 0.779824337335
350, 963, 0.717268945311
351, 961, 0.455337750097
351, 962, 0.374927642148
351, 963, 0.752467217293
352, 961, 0.130588265872
352, 962, 0.610011446365
352, 963, 0.0882029182609
353, 961, 0.0390567272761
353, 962, 0.728749030548
353, 963, 0.199062168582
354, 961, 0.308679883353
354, 962, 0.626421794354
354, 963, 0.372243954987
355, 961, 0.18596045096
355, 962, 0.659031073734
355, 963, 0.317641686608
356, 961, 0.388102693483
356, 962, 0.789923706746
356, 963, 0.987741665348
357, 961, 0.390902344131
357, 962, 0.0448272627319
357, 963, 0.964575546549
358, 961, 0.236302337188
358, 962, 0.455696925956
358, 963, 0.534794315732
359, 961, 0.548716197831
359, 962, 0.927707900436
359, 963, 0.904550705573
360, 961, 0.247850810889
360, 962, 0.576700773979
360, 963, 0.553501525284
361, 961, 0.388565343958
361, 962, 0.787419575805
361, 963, 0.425141856825
362, 961, 0.471479580403
362, 962, 0.0686563344404
362, 963, 0.000933656967666
363, 961, 0.152881374645
363, 962, 0.759140370864
363, 963, 0.761569854553
364, 961, 0.568458377662
364, 962, 0.722707296359
364, 963, 0.941251369925
365, 961, 0.709984217747
365, 962, 0.110926093453
365, 963, 0.396047164692
366, 961, 0.849815214722
366, 962, 0.146747641829
366, 963, 0.441851273984
367, 961, 0.948956446764
367, 962, 0.256255439833
367, 963, 0.901425900144
368, 961, 0.820864473562
368, 962, 0.6081432413
368, 963, 0.213710149032
369, 961, 0.91235907471
369, 962, 0.455584485469
369, 963, 0.470234206723
370, 961, 0.789108256372
370, 962, 0.645359198406
370, 963, 0.616164761715
371, 961, 0.163065610565
371, 962, 0.353096164349
371, 963, 0.659270110111
372, 961, 0.705942684933
372, 962, 0.0241882564052
372, 963, 0.879465938343
373, 961, 0.767744094053
373, 962, 0.74648473567
373, 963, 0.439141014595
374, 961, 0.862514071838
374, 962, 0.670414030551
374, 963, 0.733181348545
375, 961, 0.00291647412348
375, 962, 0.581687678295
375, 963, 0.190227056037
376, 961, 0.591543007043
376, 962, 0.732749813703
376, 963, 0.0862395693319
377, 961, 0.633851631899
377, 962, 0.61227438974
377, 963, 0.846698323007
378, 961, 0.624926367151
378, 962, 0.0803398718905
378, 963, 0.0444125431995
379, 961, 0.313580665643
379, 962, 0.946198292941
379, 963, 0.973087509974
380, 961, 0.496363340519
380, 962, 0.270782914006
380, 963, 0.877467757947
381, 961, 0.342443586546
381, 962, 0.773080105151
381, 963, 0.360063292483
382, 961, 0.570397395149
382, 962, 0.124233033985
382, 963, 0.0523487065734
383, 961, 0.212980564314
383, 962, 0.176710388879
383, 963, 0.940958972895
384, 961, 0.160419864428
384, 962, 0.155081198223
384, 963, 0.870829794422
385, 961, 0.0897578085859
385, 962, 0.356293913581
385, 963, 0.983180139108
386, 961, 0.497201399633
386, 962, 0.391876875173
386, 963, 0.787618501819
387, 961, 0.551073127929
387, 962, 0.973062772108
387, 963, 0.154323160673
388, 961, 0.315231173914
388, 962, 0.620030498267
388, 963, 0.171268984838
389, 961, 0.306650732357
389, 962, 0.556395793519
389, 963, 0.0980654833315
390, 961, 0.779844026425
390, 962, 0.66861323327
390, 963, 0.0641832880785
391, 961, 0.692361063148
391, 962, 0.210451756935
391, 963, 0.614733209043
392, 961, 0.0474717221961
392, 962, 0.645194164174
392, 963, 0.494986305729
393, 961, 0.750726532077
393, 962, 0.292755827797
393, 963, 0.00125887718623
394, 961, 0.820707904939
394, 962, 0.427914255305
394, 963, 0.656865199407
395, 961, 0.833346257027
395, 962, 0.523739608863
395, 963, 0.759860445923
396, 961, 0.137920818136
396, 962, 0.818779802342
396, 963, 0.660298098311
397, 961, 0.509568448559
397, 962, 0.458616647511
397, 963, 0.282182613142
398, 961, 0.474375598614
398, 962, 0.138411385
398, 963, 0.457398683419
399, 961, 0.485275013782
399, 962, 0.29012349557
399, 963, 0.603028418044
400, 961, 0.149044014236
400, 962, 0.0315220392325
400, 963, 0.677443061207
401, 961, 0.695116318827
401, 962, 0.0574039639943
401, 963, 0.394512015186
402, 961, 0.0115062485674
402, 962, 0.549867638117
402, 963, 0.750940826356
403, 961, 0.818861426134
403, 962, 0.0305293695901
403, 963, 0.228501609591
404, 961, 0.38246684414
404, 962, 0.426327510096
404, 963, 0.290919329238
405, 961, 0.530865512862
405, 962, 0.34642217902
405, 963, 0.3770961435
406, 961, 0.435421221265
406, 962, 0.942837281197
406, 963, 0.443671675323
407, 961, 0.286996343347
407, 962, 0.904943984232
407, 963, 0.5932762383
408, 961, 0.645171836201
408, 962, 0.70522151688
408, 963, 0.452293096558
409, 961, 0.309295573519
409, 962, 0.462052906431
409, 963, 0.393100610812
410, 961, 0.769002080284
410, 962, 0.683694166045
410, 963, 0.483608660341
411, 961, 0.142517543458
411, 962, 0.0801152907077
411, 963, 0.960103267466
412, 961, 0.916845613799
412, 962, 0.98350037684
412, 963, 0.309508846909
413, 961, 0.461513477428
413, 962, 0.484979709207
413, 963, 0.171627945953
414, 961, 0.567435989756
414, 962, 0.873020409894
414, 963, 0.641344264298
415, 961, 0.28226720361
415, 962, 0.439495897716
415, 963, 0.83178890578
416, 961, 0.918415615051
416, 962, 0.162987140578
416, 963, 0.136908248643
417, 961, 0.710558276737
417, 962, 0.426606896473
417, 963, 0.688474719356
418, 961, 0.610229652203
418, 962, 0.99690243598
418, 963, 0.780310120329
419, 961, 0.121088810118
419, 962, 0.38045099119
419, 963, 0.52020339545
420, 961, 0.101965660526
420, 962, 0.936175850058
420, 963, 0.983016564551
421, 961, 0.313540084696
421, 962, 0.590861356683
421, 963, 0.144918845099
422, 961, 0.370998619441
422, 962, 0.755072448766
422, 963, 0.4208280096
423, 961, 0.603304734485
423, 962, 0.315484737747
423, 963, 0.259506817335
424, 961, 0.45443188892
424, 962, 0.350155380968
424, 963, 0.357469321513
425, 961, 0.710224300599
425, 962, 0.828148069683
425, 963, 0.774484625952
426, 961, 0.684300422307
426, 962, 0.0489608561929
426, 963, 0.299709331725
427, 961, 0.39739888748
427, 962, 0.0819352143317
427, 963, 0.511649157143
428, 961, 0.598319913789
428, 962, 0.382271881289
428, 963, 0.925689864233
429, 961, 0.922686495955
429, 962, 0.436538517629
429, 963, 0.79810823814
430, 961, 0.823045113745
430, 962, 0.123751224925
430, 963, 0.626660894867
431, 961, 0.404690436908
431, 962, 0.166804078807
431, 963, 0.0853791990196
432, 961, 0.283645851806
432, 962, 0.551103926403
432, 963, 0.203473952857
433, 961, 0.9619496104
433, 962, 0.0755441502875
433, 963, 0.183615504638
434, 961, 0.56861036852
434, 962, 0.528408775077
434, 963, 0.305025661356
435, 961, 0.713154890148
435, 962, 0.869029403943
435, 963, 0.502703262656
436, 961, 0.599142249029
436, 962, 0.684808663112
436, 963, 0.752925857826
437, 961, 0.457781072457
437, 962, 0.688489761994
437, 963, 0.545789898859
438, 961, 0.429728099733
438, 962, 0.742133799917
438, 963, 0.448322084816
439, 961, 0.689220192735
439, 962, 0.763448169947
439, 963, 0.400930900279
440, 961, 0.0988298601078
440, 962, 0.304551562898
440, 963, 0.832907669699
441, 961, 0.00426569436922
441, 962, 0.944808893048
441, 963, 0.641829063188
442, 961, 0.268521369798
442, 962, 0.699889400708
442, 963, 0.348903458951
443, 961, 0.239327232213
443, 962, 0.913563756297
443, 963, 0.38391592698
444, 961, 0.34769286328
444, 962, 0.263654324764
444, 963, 0.802454288876
445, 961, 0.407555584416
445, 962, 0.175696717508
445, 963, 0.0877173093473
446, 961, 0.892649748971
446, 962, 0.793207226111
446, 963, 0.0128026623411
447, 961, 0.543775143069
447, 962, 0.876351645655
447, 963, 0.706063032468
448, 961, 0.318799221943
448, 962, 0.958260012405
448, 963, 0.289086556607
449, 961, 0.533053824033
449, 962, 0.370014038965
449, 963, 0.274496266316
450, 961, 0.977347229058
450, 962, 0.743694773177
450, 963, 0.40986118447
451, 961, 0.983284005202
451, 962, 0.225618412973
451, 963, 0.819886095956
452, 961, 0.0273647026884
452, 962, 0.810843129759
452, 963, 0.976563645771
453, 961, 0.515466118657
453, 962, 0.177068255153
453, 963, 0.892036138394
454, 961, 0.386909017774
454, 962, 0.119189865967
454, 963, 0.29583150179
455, 961, 0.753651412052
455, 962, 0.316748541724
455, 963, 0.863029906073
456, 961, 0.973256563857
456, 962, 0.678638518949
456, 963, 0.823490080184
457, 961, 0.940765106568
457, 962, 0.690629519575
457, 963, 0.630133499226
458, 961, 0.851872023347
458, 962, 0.91114087077
458, 963, 0.141807928995
459, 961, 0.197380106856
459, 962, 0.819857926209
459, 963, 0.847152092104
460, 961, 0.760590374334
460, 962, 0.195247619009
460, 963, 0.845601082739
461, 961, 0.150810244895
461, 962, 0.962746659738
461, 963, 0.0280530782822
462, 961, 0.742337289608
462, 962, 0.606500490805
462, 963, 0.922461884856
463, 961, 0.177807741828
463, 962, 0.147529277599
463, 963, 0.109162754814
464, 961, 0.261668382026
464, 962, 0.0319705152244
464, 963, 0.401347202139
465, 961, 0.0193792845289
465, 962, 0.0697707576877
465, 963, 0.0636933494358
466, 961, 0.324429367155
466, 962, 0.0946127405285
466, 963, 0.890821190262
467, 961, 0.270932013267
467, 962, 0.480186510438
467, 963, 0.265365073582
468, 961, 0.57719482167
468, 962, 0.178105880513
468, 963, 0.63533987138
469, 961, 0.744196439738
469, 962, 0.909380593301
469, 963, 0.451631899376
470, 961, 0.837138129504
470, 962, 0.259978012994
470, 963, 0.533259255579
471, 961, 0.196065605458
471, 962, 0.288461329567
471, 963, 0.0709366222171
472, 961, 0.958930742101
472, 962, 0.321601327217
472, 963, 0.478926080247
473, 961, 0.557104271862
473, 962, 0.607137010265
473, 963, 0.0647124418808
474, 961, 0.102268272487
474, 962, 0.468865860937
474, 963, 0.923943101423
475, 961, 0.206049443667
475, 962, 0.790301151427
475, 963, 0.203585375716
476, 961, 0.651636344375
476, 962, 0.497538128282
476, 963, 0.782505687194
477, 961, 0.200590127222
477, 962, 0.670014357879
477, 963, 0.477189192383
478, 961, 0.706446683888
478, 962, 0.346393644586
478, 963, 0.621186335814
479, 961, 0.423822226277
479, 962, 0.61641317853
479, 963, 0.691266934637
480, 961, 0.0139704547683
480, 962, 0.0411845779927
480, 963, 0.679507482149
481, 961, 0.565214765901
481, 962, 0.882096563773
481, 963, 0.16967635532
482, 961, 0.27448027287
482, 962, 0.5386509877
482, 963, 0.445635180822
483, 961, 0.531866434153
483, 962, 0.699069869279
483, 963, 0.525127979127
484, 961, 0.833579333919
484, 962, 0.594671828285
484, 963, 0.581174299809
485, 961, 0.81249311431
485, 962, 0.578139613773
485, 963, 0.716784066137
486, 961, 0.340872146238
486, 962, 0.977574203384
486, 963, 0.317888062578
487, 961, 0.649537431782
487, 962, 0.922637129269
487, 963, 0.365923025296
488, 961, 0.107046933856
488, 962, 0.216249601097
488, 963, 0.298783139593
489, 961, 0.460966972821
489, 962, 0.437111300648
489, 963, 0.981011329465
490, 961, 0.0501946406768
490, 962, 0.34581178738
490, 963, 0.841892720271
491, 961, 0.617031051185
491, 962, 0.13178798749
491, 963, 0.0885435203503
492, 961, 0.789808675621
492, 962, 0.324946872272
492, 963, 0.385702891722
493, 961, 0.837214397918
493, 962, 0.863762271267
493, 963, 0.569161176277
494, 961, 0.151760979489
494, 962, 0.515141160385
494, 963, 0.951836472781
495, 961, 0.202822224522
495, 962, 0.91698397283
495, 963, 0.30779570138
496, 961, 0.240195525691
496, 962, 0.597182295591
496, 963, 0.933816688523
497, 961, 0.861540335545
497, 962, 0.196327517134
497, 963, 0.67030740478
498, 961, 0.704772163122
498, 962, 0.774473508248
498, 963, 0.320228355887
499, 961, 0.536257954905
499, 962, 0.936996289137
499, 963, 0.197841099248
500, 961, 0.0637377597485
500, 962, 0.324651960507
500, 963, 0.603698093423
501, 961, 0.859376787124
501, 962, 0.694716034754
501, 963, 0.267262348775
502, 961, 0.514133376955
502, 962, 0.384598958365
502, 963, 0.82956939879
503, 961, 0.650093178905
503, 962, 0.0481855923714
503, 963, 0.0459703473383
504, 961, 0.285594220506
504, 962, 0.855560052841
504, 963, 0.105186880511
505, 961, 0.209582691755
505, 962, 0.500847529034
505, 963, 0.300492138205
506, 961, 0.273993352426
506, 962, 0.312684620922
506, 963, 0.664815251326
507, 961, 0.804072823884
507, 962, 0.724121593384
507, 963, 0.550616989651
508, 961, 0.782662869107
508, 962, 0.422065021911
508, 963, 0.79561062229
509, 961, 0.0628113321137
509, 962, 0.664539044667
509, 963, 0.0868299718987
510, 961, 0.758015812824
510, 962, 0.850554029231
510, 963, 0.26956344203
511, 961, 0.493690106441
511, 962, 0.787398249508
511, 963, 0.0274832463132
512, 961, 0.650234713795
512, 962, 0.952092055905
512, 963, 0.740169340777
513, 961, 0.949876220839
513, 962, 0.701268322437
513, 963, 0.0211426788028
514, 961, 0.562156293089
514, 962, 0.846680840871
514, 963, 0.854677103683
515, 961, 0.40564254145
515, 962, 0.187513934165
515, 963, 0.130712051376
516, 961, 0.079524368367
516, 962, 0.651083204247
516, 963, 0.869950354603
517, 961, 0.040424809187
517, 962, 0.686409952843
517, 963, 0.823592916225
518, 961, 0.0152933235521
518, 962, 0.814872926937
518, 963, 0.791858310651
519, 961, 0.0423902918026
519, 962, 0.569809512085
519, 963, 0.436694312246
520, 961, 0.106622752087
520, 962, 0.20784830832
520, 963, 0.91491692764
521, 961, 0.896355175268
521, 962, 0.221468065389
521, 963, 0.363879247558
522, 961, 0.501549498427
522, 962, 0.984300836194
522, 963, 0.830016866075
523, 961, 0.355510541462
523, 962, 0.187455139895
523, 963, 0.568484731011
524, 961, 0.689386072407
524, 962, 0.567632788996
524, 963, 0.621879898011
525, 961, 0.494727058261
525, 962, 0.538517154274
525, 963, 0.380228449522
526, 961, 0.526821344033
526, 962, 0.0416703603995
526, 963, 0.949666732753
527, 961, 0.730062470111
527, 962, 0.680780582724
527, 963, 0.751550314746
528, 961, 0.532370190875
528, 962, 0.75719118552
528, 963, 0.926032063901
529, 961, 0.534181169887
529, 962, 0.647414785025
529, 963, 0.64173530714
530, 961, 0.421817826823
530, 962, 0.119257829837
530, 963, 0.227134731892
531, 961, 0.981717347384
531, 962, 0.866372259966
531, 963, 0.352247801159
532, 961, 0.277879747455
532, 962, 0.996379639396
532, 963, 0.93665731428
533, 961, 0.578808297554
533, 962, 0.866265338545
533, 963, 0.103467646046
534, 961, 0.911656869505
534, 962, 0.252485529571
534, 963, 0.843759674076
535, 961, 0.954646656441
535, 962, 0.00684882057672
535, 963, 0.203976792707
536, 961, 0.189070855073
536, 962, 0.618137690834
536, 963, 0.0498325935854
537, 961, 0.350877540854
537, 962, 0.932209010282
537, 963, 0.867508215978
538, 961, 0.329716267931
538, 962, 0.120648483843
538, 963, 0.877925281017
539, 961, 0.252124862382
539, 962, 0.33317122371
539, 963, 0.993471595756
540, 961, 0.665386646665
540, 962, 0.190226763583
540, 963, 0.322424525889
541, 961, 0.0518261011168
541, 962, 0.0905606216055
541, 963, 0.78418042625
542, 961, 0.507800306725
542, 962, 0.138998446951
542, 963, 0.64861073272
543, 961, 0.94656427434
543, 962, 0.98718126653
543, 963, 0.725718133683
544, 961, 0.132942621695
544, 962, 0.727837657109
544, 963, 0.873385556246
545, 961, 0.523295458488
545, 962, 0.394646377915
545, 963, 0.243788867216
546, 961, 0.420669258752
546, 962, 0.336316723554
546, 963, 0.852398804714
547, 961, 0.027833749183
547, 962, 0.835404345105
547, 963, 0.678438981356
548, 961, 0.0838176253756
548, 962, 0.0437259370777
548, 963, 0.153645556937
549, 961, 0.273011027604
549, 962, 0.696030173626
549, 963, 0.812269278239
550, 961, 0.403770426897
550, 962, 0.885745041723
550, 963, 0.728343727985
551, 961, 0.988682777365
551, 962, 0.788423123632
551, 963, 0.124228075326
552, 961, 0.751640464362
552, 962, 0.874982089616
552, 963, 0.632902080097
553, 961, 0.265463481791
553, 962, 0.17225418086
553, 963, 0.500636758759
554, 961, 0.737666682379
554, 962, 0.223647557559
554, 963, 0.972890655796
555, 961, 0.799791056988
555, 962, 0.393588143226
555, 963, 0.991443723054
556, 961, 0.293371870446
556, 962, 0.0944046962757
556, 963, 0.0760677745736
557, 961, 0.0234843506823
557, 962, 0.153824020496
557, 963, 0.269599696684
558, 961, 0.106077575216
558, 962, 0.94070411421
558, 963, 0.800894724251
559, 961, 0.783439203187
559, 962, 0.258306467832
559, 963, 0.0846096095106
560, 961, 0.0211213799783
560, 962, 0.844675448871
560, 963, 0.91755674582
561, 961, 0.175584178121
561, 962, 0.25192017025
561, 963, 0.0172987457025
562, 961, 0.614428498477
562, 962, 0.223396591741
562, 963, 0.442102159967
563, 961, 0.242094082016
563, 962, 0.679060757622
563, 963, 0.198550500224
564, 961, 0.931181082237
564, 962, 0.101669092178
564, 963, 0.903778736485
565, 961, 0.570048751873
565, 962, 0.543763497442
565, 963, 0.161332808747
566, 961, 0.240499617566
566, 962, 0.371989715916
566, 963, 0.999895887084
567, 961, 0.294075620367
567, 962, 0.242408600714
567, 963, 0.293753844291
568, 961, 0.532305117526
568, 962, 0.423900888264
568, 963, 0.914370329116
569, 961, 0.272976057435
569, 962, 0.246120721291
569, 963, 0.352877912245
570, 961, 0.987962093155
570, 962, 0.507157984156
570, 963, 0.181832759279
571, 961, 0.926560080578
571, 962, 0.00568769661462
571, 963, 0.613461351813
572, 961, 0.0571637020083
572, 962, 0.399053526078
572, 963, 0.692929863152
573, 961, 0.967927263433
573, 962, 0.346380838741
573, 963, 0.58159734578
574, 961, 0.922405332682
574, 962, 0.748696353383
574, 963, 0.385683159958
575, 961, 0.616314147678
575, 962, 0.326136412115
575, 963, 0.627218944924
576, 961, 0.260080876547
576, 962, 0.0671273928761
576, 963, 0.89782270899
577, 961, 0.901037597745
577, 962, 0.0351090628597
577, 963, 0.36254198421
578, 961, 0.993432150154
578, 962, 0.311133291376
578, 963, 0.876309525017
579, 961, 0.628597094548
579, 962, 0.505332852637
579, 963, 0.0852733129631
580, 961, 0.363506480631
580, 962, 0.473910179306
580, 963, 0.0921056023465
581, 961, 0.985461073685
581, 962, 0.19208728866
581, 963, 0.602881620249
582, 961, 0.813270008911
582, 962, 0.875248454611
582, 963, 0.625060305866
583, 961, 0.773347051712
583, 962, 0.467260831405
583, 963, 0.155334541755
584, 961, 0.765498129254
584, 962, 0.937668247424
584, 963, 0.682430170486
585, 961, 0.843810248603
585, 962, 0.850027224876
585, 963, 0.321806790483
586, 961, 0.742327078091
586, 962, 0.126603879273
586, 963, 0.204209050022
587, 961, 0.737525374903
587, 962, 0.476719390878
587, 963, 0.693190252185
588, 961, 0.499827488147
588, 962, 0.430102993725
588, 963, 0.516240273245
589, 961, 0.621957155898
589, 962, 0.619993889231
589, 963, 0.905279025128
590, 961, 0.160424804048
590, 962, 0.359277496482
590, 963, 0.827005800998
591, 961, 0.79542456532
591, 962, 0.92313170806
591, 963, 0.627037804851
592, 961, 0.987706579647
592, 962, 0.719347619785
592, 963, 0.254223263209
593, 961, 0.495111226025
593, 962, 0.335437397385
593, 963, 0.511075071921
594, 961, 0.605483068426
594, 962, 0.93253092835
594, 963, 0.0981649066142
595, 961, 0.0243551924067
595, 962, 0.564983278595
595, 963, 0.313512181887
596, 961, 0.432757423196
596, 962, 0.0871861463627
596, 963, 0.500702411539
597, 961, 0.574534272857
597, 962, 0.481675666774
597, 963, 0.0317757718493
598, 961, 0.0965728098972
598, 962, 0.251864810002
598, 963, 0.643977189248
599, 961, 0.493223432974
599, 962, 0.0716466203756
599, 963, 0.548074015809
600, 961, 0.844657969636
600, 962, 0.763484709173
600, 963, 0.608881308028
601, 961, 0.0755174317787
601, 962, 0.0786882311564
601, 963, 0.630523807161
602, 961, 0.170195917006
602, 962, 0.842187363772
602, 963, 0.519607831763
603, 961, 0.240509368122
603, 962, 0.14703557514
603, 963, 0.596387094906
604, 961, 0.127952073604
604, 962, 0.741360440962
604, 963, 0.740438014566
605, 961, 0.612164000829
605, 962, 0.487478509519
605, 963, 0.140880948296
606, 961, 0.359439734928
606, 962, 0.0611254573084
606, 963, 0.62706001327
607, 961, 0.977901141208
607, 962, 0.85227242439
607, 963, 0.510717720106
608, 961, 0.320474086013
608, 962, 0.739823338087
608, 963, 0.276337609399
609, 961, 0.264933560734
609, 962, 0.295284532615
609, 963, 0.303113059511
610, 961, 0.182166853889
610, 962, 0.0742500586433
610, 963, 0.0450145065266
611, 961, 0.887489298936
611, 962, 0.573528218023
611, 963, 0.832556077316
612, 961, 0.18311582831
612, 962, 0.594214548971
612, 963, 0.841253405309
613, 961, 0.970051906996
613, 962, 0.73395232735
613, 963, 0.485295350826
614, 961, 0.785941834541
614, 962, 0.816390053282
614, 963, 0.454492901597
615, 961, 0.998130564266
615, 962, 0.431161560073
615, 963, 0.803283549212
616, 961, 0.169565492521
616, 962, 0.0628420773548
616, 963, 0.0410160826003
617, 961, 0.847604718641
617, 962, 0.85904905581
617, 963, 0.122762140723
618, 961, 0.171542023812
618, 962, 0.284904695876
618, 963, 0.523633294086
619, 961, 0.260775918778
619, 962, 0.2501853175
619, 963, 0.125083401897
620, 961, 0.159562616505
620, 962, 0.144994952984
620, 963, 0.663559646483
621, 961, 0.533538773757
621, 962, 0.572034376342
621, 963, 0.768722060469
622, 961, 0.919725986443
622, 962, 0.941330702999
622, 963, 0.188732658235
623, 961, 0.925990282334
623, 962, 0.253720556386
623, 963, 0.258418526322
624, 961, 0.285409597918
624, 962, 0.10914973363
624, 963, 0.6855324492
625, 961, 0.476521971642
625, 962, 0.725382924807
625, 963, 0.83993760534
626, 961, 0.998818476079
626, 962, 0.613146564822
626, 963, 0.697240435586
627, 961, 0.590967751954
627, 962, 0.670853200002
627, 963, 0.530787432226
628, 961, 0.87351368852
628, 962, 0.683045538649
628, 963, 0.220934333814
629, 961, 0.297771440105
629, 962, 0.229695240337
629, 963, 0.625528647481
630, 961, 0.462429837623
630, 962, 0.750754175041
630, 963, 0.473047521651
631, 961, 0.575618021162
631, 962, 0.0378794709034
631, 963, 0.347958709459
632, 961, 0.544773912289
632, 962, 0.341744316142
632, 963, 0.786203920798
633, 961, 0.0427104988813
633, 962, 0.440926323851
633, 963, 0.694260873661
634, 961, 0.635202705331
634, 962, 0.385778294436
634, 963, 0.862850774423
635, 961, 0.220370639223
635, 962, 0.69428066995
635, 963, 0.7387888067
636, 961, 0.391061396306
636, 962, 0.38165989459
636, 963, 0.750977784301
637, 961, 0.889319325621
637, 962, 0.63134303837
637, 963, 0.235197839225
638, 961, 0.0351430947975
638, 962, 0.160537316764
638, 963, 0.527764947144
639, 961, 0.137461994097
639, 962, 0.883233263009
639, 963, 0.0911073354932
640, 961, 0.658065589905
640, 962, 0.522523606739
640, 963, 0.730805210277
641, 961, 0.247945657664
641, 962, 0.466928429846
641, 963, 0.562421718738
642, 961, 0.0821984166406
642, 962, 0.768235819862
642, 963, 0.852456921545
643, 961, 0.963477213562
643, 962, 0.244147289711
643, 963, 0.134430689426
644, 961, 0.453203940083
644, 962, 0.180107398226
644, 963, 0.3736363019
645, 961, 0.127573884071
645, 962, 0.393595874976
645, 963, 0.442742500694
646, 961, 0.621404753071
646, 962, 0.506598119864
646, 963, 0.605385608301
647, 961, 0.9282294049
647, 962, 0.324573016209
647, 963, 0.276123387544
648, 961, 0.9928947096
648, 962, 0.166255442895
648, 963, 0.998681581133
649, 961, 0.334594293082
649, 962, 0.337799671175
649, 963, 0.191539985366
650, 961, 0.00158997085953
650, 962, 0.913275085654
650, 963, 0.430350065693
651, 961, 0.254016778903
651, 962, 0.559546258571
651, 963, 0.178841230339
652, 961, 0.659655676331
652, 962, 0.370471041248
652, 963, 0.746177384127
653, 961, 0.151596344452
653, 962, 0.314529322535
653, 963, 0.615192774096
654, 961, 0.740997483932
654, 962, 0.256346562412
654, 963, 0.223176156199
655, 961, 0.181283398387
655, 962, 0.581626771121
655, 963, 0.142900951317
656, 961, 0.857390426833
656, 962, 0.709953761382
656, 963, 0.752158974303
657, 961, 0.949010213677
657, 962, 0.45224743339
657, 963, 0.206155113227
658, 961, 0.305040158048
658, 962, 0.00233816465481
658, 963, 0.949594039902
659, 961, 0.544577094599
659, 962, 0.52528301988
659, 963, 0.00876626182798
660, 961, 0.734259244359
660, 962, 0.581554662171
660, 963, 0.288692393948
661, 961, 0.342832447458
661, 962, 0.768329707696
661, 963, 0.139008231316
662, 961, 0.0441112756544
662, 962, 0.657970634364
662, 963, 0.654654797335
663, 961, 0.718150850572
663, 962, 0.740561853858
663, 963, 0.407715577812
664, 961, 0.533943819275
664, 962, 0.256075258471
664, 963, 0.360919741976
665, 961, 0.815503829757
665, 962, 0.365304251205
665, 963, 0.809948507665
666, 961, 0.324823305521
666, 962, 0.548781840257
666, 963, 0.693224968156
667, 961, 0.0895178327778
667, 962, 0.233530057407
667, 963, 0.296419930288
668, 961, 0.231788690533
668, 962, 0.691234695128
668, 963, 0.0235169827712
669, 961, 0.240906971687
669, 962, 0.698013280908
669, 963, 0.713832741836
670, 961, 0.280362540874
670, 962, 0.83685138871
670, 963, 0.342475533039
671, 961, 0.504228766876
671, 962, 0.00596892600158
671, 963, 0.854069285767
672, 961, 0.278724933742
672, 962, 0.267861611655
672, 963, 0.171217951782
673, 961, 0.738922480071
673, 962, 0.389380208607
673, 963, 0.571064878387
674, 961, 0.42620850863
674, 962, 0.355683770833
674, 963, 0.993688021011
675, 961, 0.654611067844
675, 962, 0.626619339694
675, 963, 0.875461118953
676, 961, 0.296018398961
676, 962, 0.994769396469
676, 963, 0.951780688661
677, 961, 0.440403962558
677, 962, 0.401897214413
677, 963, 0.281400421788
678, 961, 0.838403079328
678, 962, 0.675354610635
678, 963, 0.406528035362
679, 961, 0.999303770851
679, 962, 0.611074123827
679, 963, 0.554208587118
680, 961, 0.655451958441
680, 962, 0.804132607871
680, 963, 0.3103606141
681, 961, 0.40755258812
681, 962, 0.169097874673
681, 963, 0.845087128102
682, 961, 0.0869690146663
682, 962, 0.716068927307
682, 963, 0.474005103005
683, 961, 0.577511920344
683, 962, 0.152545314166
683, 963, 0.353010555729
684, 961, 0.85144266158
684, 962, 0.0652553591952
684, 963, 0.729523933912
685, 961, 0.420479679753
685, 962, 0.497622302362
685, 963, 0.0146733824055
686, 961, 0.634233388145
686, 962, 0.769122062392
686, 963, 0.772684822412
687, 961, 0.948822797036
687, 962, 0.19826124902
687, 963, 0.212607946135
688, 961, 0.374537857649
688, 962, 0.285103089652
688, 963, 0.708318634206
689, 961, 0.364848066374
689, 962, 0.575617662423
689, 963, 0.927241325879
690, 961, 0.57121189156
690, 962, 0.44036660669
690, 963, 0.0423267715938
691, 961, 0.650217373988
691, 962, 0.672785740927
691, 963, 0.910819834785
692, 961, 0.125933545533
692, 962, 0.727147364068
692, 963, 0.859696898198
693, 961, 0.938123065537
693, 962, 0.662949878018
693, 963, 0.552464938804
694, 961, 0.918801372381
694, 962, 0.679100940004
694, 963, 0.561867513746
695, 961, 0.489730910019
695, 962, 0.187944554117
695, 963, 0.487286864352
696, 961, 0.871903226493
696, 962, 0.957344671756
696, 963, 0.886605716148
697, 961, 0.698671885194
697, 962, 0.463753879876
697, 963, 0.934422011991
698, 961, 0.643024706659
698, 962, 0.992469904867
698, 963, 0.128595884952
699, 961, 0.379753065803
699, 962, 0.0989988334713
699, 963, 0.144919311988
700, 961, 0.702727584801
700, 962, 0.659400726255
700, 963, 0.901124257395
701, 961, 0.902870876859
701, 962, 0.065890785496
701, 963, 0.878673012089
702, 961, 0.232008683792
702, 962, 0.649374058673
702, 963, 0.47920030113
703, 961, 0.448053619927
703, 962, 0.0163405874335
703, 963, 0.751996498416
704, 961, 0.137083499373
704, 962, 0.228803328389
704, 963, 0.13836163149
705, 961, 0.0695401507211
705, 962, 0.783563915955
705, 963, 0.426564540853
706, 961, 0.382589321343
706, 962, 0.00274703562472
706, 963, 0.412398761217
707, 961, 0.050575900828
707, 962, 0.48231237442
707, 963, 0.534969070867
708, 961, 0.975666055059
708, 962, 0.792404733596
708, 963, 0.522301783699
709, 961, 0.172356211367
709, 962, 0.503429499873
709, 963, 0.0585901085522
710, 961, 0.904554402522
710, 962, 0.126823870506
710, 963, 0.397972604784
711, 961, 0.245132344103
711, 962, 0.2988831262
711, 963, 0.243391900028
712, 961, 0.509511101895
712, 962, 0.175072351132
712, 963, 0.972952864817
713, 961, 0.191739149816
713, 962, 0.272381673922
713, 963, 0.757361566028
714, 961, 0.0803295543501
714, 962, 0.843094736616
714, 963, 0.820235688941
715, 961, 0.990633675461
715, 962, 0.870390764757
715, 963, 0.600056752994
716, 961, 0.549935074874
716, 962, 0.248563320909
716, 963, 0.0345872875838
717, 961, 0.169243589354
717, 962, 0.40446551849
717, 963, 0.330298203105
718, 961, 0.848748487514
718, 962, 0.331350396677
718, 963, 0.346948431189
719, 961, 0.351158221454
719, 962, 0.427988462477
719, 963, 0.100948372433
720, 961, 0.611663748743
720, 962, 0.257563425174
720, 963, 0.558728024771
721, 961, 0.0479506698454
721, 962, 0.208304139958
721, 963, 0.773741318161
722, 961, 0.426608728577
722, 962, 0.857241864542
722, 963, 0.133363745554
723, 961, 0.208703967021
723, 962, 0.427622215553
723, 963, 0.577346036491
724, 961, 0.950717390403
724, 962, 0.956344182134
724, 963, 0.321033511435
725, 961, 0.831379950688
725, 962, 0.508865813834
725, 963, 0.000826269384595
726, 961, 0.820676103119
726, 962, 0.750823477595
726, 963, 0.0983059610273
727, 961, 0.362976122263
727, 962, 0.158858391434
727, 963, 0.359741402532
728, 961, 0.0172860082548
728, 962, 0.0397410805153
728, 963, 0.981495689804
729, 961, 0.755684778504
729, 962, 0.797033318921
729, 963, 0.424585877329
730, 961, 0.346957727068
730, 962, 0.897565843847
730, 963, 0.818973178884
731, 961, 0.869879560305
731, 962, 0.356003884038
731, 963, 0.756372551073
732, 961, 0.211127702883
732, 962, 0.623178498052
732, 963, 0.291414481672
733, 961, 0.203492935876
733, 962, 0.616116977696
733, 963, 0.0827172050173
734, 961, 0.653563724843
734, 962, 0.510213547114
734, 963, 0.536153110695
735, 961, 0.803822967955
735, 962, 0.408359311097
735, 963, 0.886852946625
736, 961, 0.705120444103
736, 962, 0.719865212283
736, 963, 0.328268070501
737, 961, 0.645408332987
737, 962, 0.972733706651
737, 963, 0.687605828804
738, 961, 0.738298061406
738, 962, 0.747973143955
738, 963, 0.419966779068
739, 961, 0.452295620232
739, 962, 0.848148741346
739, 963, 0.840234682233
740, 961, 0.283834803758
740, 962, 0.819100434115
740, 963, 0.423242474663
741, 961, 0.414657997837
741, 962, 0.583808083296
741, 963, 0.665542192356
742, 961, 0.0345791963613
742, 962, 0.413140574134
742, 963, 0.787757389172
743, 961, 0.793755825107
743, 962, 0.553541579488
743, 963, 0.512181415251
744, 961, 0.857629358915
744, 962, 0.421367360548
744, 963, 0.296597927875
745, 961, 0.448771989811
745, 962, 0.0182680591989
745, 963, 0.785000956307
746, 961, 0.59681131297
746, 962, 0.414889158079
746, 963, 0.751629797969
747, 961, 0.159082270841
747, 962, 0.514839183721
747, 963, 0.20216593248
748, 961, 0.624804833595
748, 962, 0.807776941099
748, 963, 0.488546880616
749, 961, 0.549911147407
749, 962, 0.660312576893
749, 963, 0.376005932125
750, 961, 0.763517097882
750, 962, 0.871310612027
750, 963, 0.366420267262
751, 961, 0.928931397465
751, 962, 0.662912181562
751, 963, 0.391155883913
752, 961, 0.281803754851
752, 962, 0.574763560669
752, 963, 0.0112571089094
753, 961, 0.948567106775
753, 962, 0.72345872069
753, 963, 0.930517864321
754, 961, 0.295179478956
754, 962, 0.11668792244
754, 963, 0.350065217445
755, 961, 0.544643259542
755, 962, 0.283102270551
755, 963, 0.786598062583
756, 961, 0.175351638716
756, 962, 0.418357381129
756, 963, 0.506377836809
757, 961, 0.350272269057
757, 962, 0.218446879436
757, 963, 0.454377884651
758, 961, 0.490681995585
758, 962, 0.125130035366
758, 963, 0.502944774578
759, 961, 0.696837117375
759, 962, 0.296274023815
759, 963, 0.532873329979
760, 961, 0.246295338747
760, 962, 0.274460439521
760, 963, 0.250274021429
761, 961, 0.758754850042
761, 962, 0.822556496937
761, 963, 0.285833189356
762, 961, 0.0731681835401
762, 962, 0.36690882718
762, 963, 0.140831806228
763, 961, 0.947539257219
763, 962, 0.812052706942
763, 963, 0.476053079493
764, 961, 0.539222472839
764, 962, 0.96477866252
764, 963, 0.844384625976
765, 961, 0.679402437901
765, 962, 0.100394516112
765, 963, 0.699819433873
766, 961, 0.976861630534
766, 962, 0.968730101368
766, 963, 0.942459274666
767, 961, 0.97352222437
767, 962, 0.421990717403
767, 963, 0.178808528538
768, 961, 0.268618272906
768, 962, 0.0139105212874
768, 963, 0.47174163674
769, 961, 0.995902721886
769, 962, 0.579091437811
769, 963, 0.304854747952
770, 961, 0.00513511970557
770, 962, 0.232163190697
770, 963, 0.96914410149
771, 961, 0.00507995933494
771, 962, 0.0325699490284
771, 963, 0.759952784699
772, 961, 0.00867267581479
772, 962, 0.673993423415
772, 963, 0.93651644192
773, 961, 0.674695633969
773, 962, 0.681973816979
773, 963, 0.996098497011
774, 961, 0.355313607713
774, 962, 0.0132504602445
774, 963, 0.297384107394
775, 961, 0.812793124594
775, 962, 0.908189216675
775, 963, 0.737593091385
776, 961, 0.267948066678
776, 962, 0.103340828343
776, 963, 0.886020459491
777, 961, 0.426876723568
777, 962, 0.514511783331
777, 963, 0.540255707658
778, 961, 0.225706582114
778, 962, 0.593817513977
778, 963, 0.458330163949
779, 961, 0.48757245325
779, 962, 0.728288550779
779, 963, 0.0103039310457
780, 961, 0.774123026375
780, 962, 0.729062572796
780, 963, 0.191828382538
781, 961, 0.488211748638
781, 962, 0.829741626976
781, 963, 0.66876392636
782, 961, 0.175857452317
782, 962, 0.181824130794
782, 963, 0.194649909394
783, 961, 0.448490913955
783, 962, 0.873923190053
783, 963, 0.385828734147
784, 961, 0.755014722769
784, 962, 0.0214949582446
784, 963, 0.0960542699514
785, 961, 0.123689658815
785, 962, 0.727329141194
785, 963, 0.469210506025
786, 961, 0.101492879463
786, 962, 0.0267138488311
786, 963, 0.268780375947
787, 961, 0.438232595029
787, 962, 0.17637692387
787, 963, 0.157113511192
788, 961, 0.600143893544
788, 962, 0.202145562395
788, 963, 0.871215365383
789, 961, 0.296231811663
789, 962, 0.151797915274
789, 963, 0.100826324588
790, 961, 0.7155572284
790, 962, 0.220238725745
790, 963, 0.00978273429313
791, 961, 0.752404942095
791, 962, 0.104274534958
791, 963, 0.480949589826
792, 961, 0.714481739198
792, 962, 0.162676287515
792, 963, 0.39286960961
793, 961, 0.893087355426
793, 962, 0.713030238309
793, 963, 0.908052248366
794, 961, 0.889247217001
794, 962, 0.954127122108
794, 963, 0.00733335331266
795, 961, 0.691080153586
795, 962, 0.0939403891949
795, 963, 0.892751106759
796, 961, 0.657508126486
796, 962, 0.657954727921
796, 963, 0.17438979961
797, 961, 0.203263151768
797, 962, 0.323873412507
797, 963, 0.693771414793
798, 961, 0.798893152822
798, 962, 0.551105273454
798, 963, 0.815825235303
799, 961, 0.175503497058
799, 962, 0.418312281261
799, 963, 0.324352429251
800, 961, 0.0978439647589
800, 962, 0.265039345555
800, 963, 0.711251355093
801, 961, 0.571188024602
801, 962, 0.241150468819
801, 963, 0.575359904177
802, 961, 0.090911704218
802, 962, 0.463320379993
802, 963, 0.117562610866
803, 961, 0.932169849269
803, 962, 0.947678415189
803, 963, 0.916318329093
804, 961, 0.838803830601
804, 962, 0.604317406624
804, 963, 0.00724314716257
805, 961, 0.344190315582
805, 962, 0.75943925539
805, 963, 0.839733392046
806, 961, 0.165376481206
806, 962, 0.929242888982
806, 963, 0.0977683674205
807, 961, 0.371938648769
807, 962, 0.0971515181001
807, 963, 0.497559084579
808, 961, 0.128137482323
808, 962, 0.626626758495
808, 963, 0.186434039299
809, 961, 0.811976372222
809, 962, 0.81318389072
809, 963, 0.272432377593
810, 961, 0.419172795981
810, 962, 0.193684611207
810, 963, 0.071564835753
811, 961, 0.328212940053
811, 962, 0.870002882837
811, 963, 0.35599372087
812, 961, 0.951745213101
812, 962, 0.138753898616
812, 963, 0.828087366355
813, 961, 0.6109690542
813, 962, 0.821913532119
813, 963, 0.710204968759
814, 961, 0.445781122845
814, 962, 0.832550150526
814, 963, 0.694000976822
815, 961, 0.907453340702
815, 962, 0.416148281258
815, 963, 0.995922510245
816, 961, 0.507431976489
816, 962, 0.881443509719
816, 963, 0.478293572007
817, 961, 0.464798075436
817, 962, 0.855240888299
817, 963, 0.689520857323
818, 961, 0.899999999668
818, 962, 0.548063117098
818, 963, 0.675270603461
819, 961, 0.931196333488
819, 962, 0.586677425045
819, 963, 0.890492574279
820, 961, 0.558640249706
820, 962, 0.0873431147227
820, 963, 0.424161310382
821, 961, 0.806793310206
821, 962, 0.339155683231
821, 963, 0.596444164228
822, 961, 0.786958789566
822, 962, 0.517720475883
822, 963, 0.915288485265
823, 961, 0.474070155563
823, 962, 0.00980308574483
823, 963, 0.940635994847
824, 961, 0.247846898865
824, 962, 0.697549806763
824, 963, 0.269453989778
825, 961, 0.0172393313649
825, 962, 0.723739853298
825, 963, 0.247403868026
826, 961, 0.175887018065
826, 962, 0.791580960612
826, 963, 0.829065187392
827, 961, 0.585623661775
827, 962, 0.802667684713
827, 963, 0.221822106331
828, 961, 0.27021431449
828, 962, 0.0346158358565
828, 963, 0.0618896264965
829, 961, 0.711525525644
829, 962, 0.359233540332
829, 963, 0.246297796924
830, 961, 0.514379037814
830, 962, 0.335262003025
830, 963, 0.360007200506
831, 961, 0.522075823693
831, 962, 0.0554446757019
831, 963, 0.150788795945
832, 961, 0.52990796094
832, 962, 0.345599827579
832, 963, 0.776060021506
833, 961, 0.377236857525
833, 962, 0.978720256358
833, 963, 0.388131261584
834, 961, 0.4673917032
834, 962, 0.689293779989
834, 963, 0.831258556995
835, 961, 0.858111740709
835, 962, 0.855775955897
835, 963, 0.165745609594
836, 961, 0.250414090476
836, 962, 0.986669130847
836, 963, 0.927486760289
837, 961, 0.91188021097
837, 962, 0.865846114441
837, 963, 0.184090785799
838, 961, 0.806672065062
838, 962, 0.43746165507
838, 963, 0.759324877561
839, 961, 0.759795773651
839, 962, 0.909698327844
839, 963, 0.564244341541
840, 961, 0.317574880728
840, 962, 0.757180160826
840, 963, 0.855220537134
841, 961, 0.938262190453
841, 962, 0.252519991589
841, 963, 0.767165646878
842, 961, 0.890576170833
842, 962, 0.854553189011
842, 963, 0.462669985163
843, 961, 0.740122657969
843, 962, 0.338752146287
843, 963, 0.57143144614
844, 961, 0.93629704335
844, 962, 0.0582228303326
844, 963, 0.030064893287
845, 961, 0.0995830766807
845, 962, 0.5830113449
845, 963, 0.952346228995
846, 961, 0.592725288861
846, 962, 0.980654974022
846, 963, 0.60538142416
847, 961, 0.114016291596
847, 962, 0.189759265445
847, 963, 0.857203714065
848, 961, 0.851230135495
848, 962, 0.48307963198
848, 963, 0.6643539703
849, 961, 0.38486890836
849, 962, 0.921032608976
849, 963, 0.477937751838
850, 961, 0.421698666511
850, 962, 0.729363954422
850, 963, 0.401326395926
851, 961, 0.193473949354
851, 962, 0.535910861404
851, 963, 0.380573316504
852, 961, 0.852678478071
852, 962, 0.498885022441
852, 963, 0.368902194856
853, 961, 0.344273848215
853, 962, 0.516370382569
853, 963, 0.109309579785
854, 961, 0.94539397213
854, 962, 0.779532548944
854, 963, 0.78183790028
855, 961, 0.880318605947
855, 962, 0.465759257559
855, 963, 0.86511016801
856, 961, 0.762188082513
856, 962, 0.345516137948
856, 963, 0.973240863068
857, 961, 0.0680190581627
857, 962, 0.591766518635
857, 963, 0.279465859424
858, 961, 0.939500207777
858, 962, 0.058518496441
858, 963, 0.904361630953
859, 961, 0.150951237482
859, 962, 0.0449139420308
859, 963, 0.596105389208
860, 961, 0.970324552746
860, 962, 0.363043849535
860, 963, 0.41361833408
861, 961, 0.763037744449
861, 962, 0.802359750216
861, 963, 0.870218847893
862, 961, 0.535969534969
862, 962, 0.241121534244
862, 963, 0.0817313563038
863, 961, 0.8809616227
863, 962, 0.126310324075
863, 963, 0.920187616978
864, 961, 0.581714942166
864, 962, 0.739357915591
864, 963, 0.981874518677
865, 961, 0.927157968104
865, 962, 0.510018782474
865, 963, 0.941514519161
866, 961, 0.531470446795
866, 962, 0.192865918391
866, 963, 0.33255530762
867, 961, 0.505047630147
867, 962, 0.406018252516
867, 963, 0.809718727024
868, 961, 0.798505468703
868, 962, 0.331618869673
868, 963, 0.317879312085
869, 961, 0.66724485581
869, 962, 0.480123990887
869, 963, 0.864998112483
870, 961, 0.942141757234
870, 962, 0.275744366971
870, 963, 0.28952376566
871, 961, 0.712309932496
871, 962, 0.140393347513
871, 963, 0.898238036564
872, 961, 0.254888539351
872, 962, 0.0760190201753
872, 963, 0.575425537109
873, 961, 0.561559815914
873, 962, 0.988762094606
873, 963, 0.286398850933
874, 961, 0.365038664642
874, 962, 0.688469300043
874, 963, 0.852566435166
875, 961, 0.0312167247932
875, 962, 0.344863196049
875, 963, 0.41838739419
876, 961, 0.419641169367
876, 962, 0.14173653784
876, 963, 0.920738291953
877, 961, 0.559889303356
877, 962, 0.992347856041
877, 963, 0.813860863581
878, 961, 0.250570399763
878, 962, 0.0903659627168
878, 963, 0.865977349681
879, 961, 0.916508070083
879, 962, 0.58905598595
879, 963, 0.446997634642
880, 961, 0.37662600216
880, 962, 0.321125871516
880, 963, 0.811342089051
881, 961, 0.689849610296
881, 962, 0.596882725416
881, 963, 0.879766329172
882, 961, 0.0731078303086
882, 962, 0.655647881194
882, 963, 0.571211876079
883, 961, 0.201651532616
883, 962, 0.697855987366
883, 963, 0.89378518864
884, 961, 0.636262557687
884, 962, 0.334497973093
884, 963, 0.955729138463
885, 961, 0.67740878186
885, 962, 0.738906076995
885, 963, 0.0291469148089
886, 961, 0.534728413047
886, 962, 0.0111460810576
886, 963, 0.392350442238
887, 961, 0.73825900491
887, 962, 0.785493026705
887, 963, 0.146713702959
888, 961, 0.607874001111
888, 962, 0.721272543492
888, 963, 0.774188936851
889, 961, 0.254039750119
889, 962, 0.538333589817
889, 963, 0.350015703191
890, 961, 0.132395791917
890, 962, 0.272573192201
890, 963, 0.988036285678
891, 961, 0.762286921433
891, 962, 0.581591490929
891, 963, 0.865719974929
892, 961, 0.550064375439
892, 962, 0.242305423482
892, 963, 0.79900169568
893, 961, 0.505926741938
893, 962, 0.572937072841
893, 963, 0.255229039877
894, 961, 0.862790655541
894, 962, 0.688161850767
894, 963, 0.11576749269
895, 961, 0.367030426376
895, 962, 0.742534903097
895, 963, 0.205614451586
896, 961, 0.498174145346
896, 962, 0.794518786988
896, 963, 0.309395126149
897, 961, 0.652176146211
897, 962, 0.821788051143
897, 963, 0.0661744599414
898, 961, 0.328785863117
898, 962, 0.760018841247
898, 963, 0.661288633994
899, 961, 0.722421118878
899, 962, 0.349350164444
899, 963, 0.856135752959
900, 961, 0.000736923121011
900, 962, 0.465973639276
900, 963, 0.0491023839446
901, 961, 0.285542443685
901, 962, 0.87298468137
901, 963, 0.456553479129
902, 961, 0.666103492025
902, 962, 0.199823327534
902, 963, 0.706623261481
903, 961, 0.332756863856
903, 962, 0.308473489409
903, 963, 0.78384627346
904, 961, 0.206358536422
904, 962, 0.678536373531
904, 963, 0.353083308113
905, 961, 0.253662612986
905, 962, 0.608895646999
905, 963, 0.140361936985
906, 961, 0.444332798611
906, 962, 0.133163209149
906, 963, 0.0213313650849
907, 961, 0.0122301292502
907, 962, 0.0143314739141
907, 963, 0.714707686891
908, 961, 0.0948713348279
908, 962, 0.531594729104
908, 963, 0.301655412799
909, 961, 0.311218027554
909, 962, 0.243115879603
909, 963, 0.312839792563
910, 961, 0.945620325526
910, 962, 0.0336477142378
910, 963, 0.474848736137
911, 961, 0.648811325306
911, 962, 0.941298417658
911, 963, 0.724094646388
912, 961, 0.808744542925
912, 962, 0.993880992939
912, 963, 0.751766418771
913, 961, 0.162094345345
913, 962, 0.662613412267
913, 963, 0.539070231842
914, 961, 0.490723181901
914, 962, 0.810657483792
914, 963, 0.649415621786
915, 961, 0.338548721985
915, 962, 0.0123311956951
915, 963, 0.177397445177
916, 961, 0.0792589410973
916, 962, 0.862388081912
916, 963, 0.97150749237
917, 961, 0.579099179492
917, 962, 0.792439838787
917, 963, 0.873884558005
918, 961, 0.715501371202
918, 962, 0.508878660124
918, 963, 0.632063077944
919, 961, 0.607934314791
919, 962, 0.497061358738
919, 963, 0.107812935947
920, 961, 0.315638070146
920, 962, 0.170656818436
920, 963, 0.598307700725
921, 961, 0.503279268463
921, 962, 0.69878552294
921, 963, 0.281169711715
922, 961, 0.0551398639603
922, 962, 0.0434398683776
922, 963, 0.267574899662
923, 961, 0.248247997442
923, 962, 0.0853246987978
923, 963, 0.648501303398
924, 961, 0.73852281281
924, 962, 0.498718581705
924, 963, 0.294276864129
925, 961, 0.19845629681
925, 962, 0.692307757447
925, 963, 0.291156364354
926, 961, 0.723768033909
926, 962, 0.994817031544
926, 963, 0.588166066659
927, 961, 0.400524587812
927, 962, 0.864544798634
927, 963, 0.422744945896
928, 961, 0.682787398734
928, 962, 0.241491281682
928, 963, 0.742972605492
929, 961, 0.704208910995
929, 962, 0.804817455422
929, 963, 0.849035904953
930, 961, 0.673012046772
930, 962, 0.884786255055
930, 963, 0.804514897626
931, 961, 0.581310563856
931, 962, 0.388948176012
931, 963, 0.928127826552
932, 961, 0.461116044578
932, 962, 0.156412175335
932, 963, 0.901812690926
933, 961, 0.155396582831
933, 962, 0.11762181006
933, 963, 0.0973007588296
934, 961, 0.231314500541
934, 962, 0.827340226862
934, 963, 0.596072780189
935, 961, 0.747530512085
935, 962, 0.500902497883
935, 963, 0.472004402918
936, 961, 0.655208960633
936, 962, 0.0129961375296
936, 963, 0.432936377367
937, 961, 0.29555821493
937, 962, 0.389288622314
937, 963, 0.663444920804
938, 961, 0.278595435904
938, 962, 0.0073320626127
938, 963, 0.7789931451
939, 961, 0.00771717162051
939, 962, 0.318644864789
939, 963, 0.161842929773
940, 961, 0.0445557341094
940, 962, 0.114197809936
940, 963, 0.71717776747
941, 961, 0.649009164291
941, 962, 0.751938057983
941, 963, 0.048849439077
942, 961, 0.913238456896
942, 962, 0.217661718378
942, 963, 0.328107458636
943, 961, 0.0724850126343
943, 962, 0.887243233565
943, 963, 0.674778416182
944, 961, 0.903939798013
944, 962, 0.251809881454
944, 963, 0.55873040868
945, 961, 0.146772446303
945, 962, 0.846379653496
945, 963, 0.166007953148
946, 961, 0.000950817793125
946, 962, 0.746211090559
946, 963, 0.845995327437
947, 961, 0.922701350797
947, 962, 0.672217008446
947, 963, 0.114284494761
948, 961, 0.677273784035
948, 962, 0.972039180964
948, 963, 0.437108825454
949, 961, 0.399757141121
949, 962, 0.950002195119
949, 963, 0.0705875209497
950, 961, 0.365388696855
950, 962, 0.746781151666
950, 963, 0.797821756074
951, 961, 0.258812652355
951, 962, 0.503832113205
951, 963, 0.395214682089
952, 961, 0.987703122249
952, 962, 0.487875984661
952, 963, 0.327696575913
953, 961, 0.901502593669
953, 962, 0.598003368692
953, 963, 0.0473046622261
954, 961, 0.877434828015
954, 962, 0.404655632237
954, 963, 0.82701988128
955, 961, 0.674845038539
955, 962, 0.223701346409
955, 963, 0.976966837822
956, 961, 0.216042924925
956, 962, 0.269263295117
956, 963, 0.248884479082
957, 961, 0.544790166582
957, 962, 0.756495336386
957, 963, 0.228282164399
958, 961, 0.798153609728
958, 962, 0.54142007395
958, 963, 0.320406925551
959, 961, 0.602191825729
959, 962, 0.805677089624
959, 963, 0.661689317189
960, 961, 0.115572113283
960, 962, 0.869305366636
960, 963, 0.550285088082
