0, 961, 0.918923610248
0, 962, 0.177144452016
0, 963, 0.869901126029
1, 961, 0.0394726584643
1, 962, 0.0107381946944
1, 963, 0.872875050976
2, 961, 0.205119452662
2, 962, 0.117499386649
2, 963, 0.93239979001
3, 961, 0.696586325355
3, 962, 0.218256529676
3, 963, 0.765688859803
4, 961, 0.971742962367
4, 962, 0.876357904189
4, 963, 0.704792888753
5, 961, 0.933903916632
5, 962, 0.473709665587
5, 963, 0.013594411169
6, 961, 0.315852854987
6, 962, 0.675012860768
6, 963, 0.0455229440768
7, 961, 0.164753518568
7, 962, 0.641958606755
7, 963, 0.117303971568
8, 961, 0.763440837404
8, 962, 0.377074714778
8, 963, 0.671218872337
9, 961, 0.737132752091
9, 962, 0.148715020751
9, 963, 0.0746774384222
10, 961, 0.18213670368
10, 962, 0.817040717217
10, 963, 0.347733412465
11, 961, 0.137602791989
11, 962, 0.857706752258
11, 963, 0.321586207407
12, 961, 0.642037446988
12, 962, 0.624048599511
12, 963, 0.403307881032
13, 961, 0.311283140673
13, 962, 0.912299229857
13, 963, 0.143700683464
14, 961, 0.457647905579
14, 962, 0.927714590247
14, 963, 0.402953178962
15, 961, 0.594016807962
15, 962, 0.897094261763
15, 963, 0.0354982508785
16, 961, 0.14647687042
16, 962, 0.346388378683
16, 963, 0.513332717101
17, 961, 0.185967773167
17, 962, 0.810513973779
17, 963, 0.514940068177
18, 961, 0.544785072708
18, 962, 0.281652361664
18, 963, 0.150344642294
19, 961, 0.291009983456
19, 962, 0.786112807383
19, 963, 0.446060503253
20, 961, 0.48658732717
20, 962, 0.481656512126
20, 963, 0.913941933251
21, 961, 0.187571109133
21, 962, 0.888134889
21, 963, 0.703295546067
22, 961, 0.302194231696
22, 962, 0.773024932367
22, 963, 0.63850182252
23, 961, 0.0173668043054
23, 962, 0.862131695356
23, 963, 0.563684962372
24, 961, 0.992931031477
24, 962, 0.928157517744
24, 963, 0.0619637184827
25, 961, 0.439520765762
25, 962, 0.225782598875
25, 963, 0.715604557737
26, 961, 0.363868895622
26, 962, 0.790318457964
26, 963, 0.626454099113
27, 961, 0.123993094615
27, 962, 0.124737719213
27, 963, 0.286587104779
28, 961, 0.745183593219
28, 962, 0.512460341827
28, 963, 0.433359591945
29, 961, 0.675761525762
29, 962, 0.740342560602
29, 963, 0.939027150413
30, 961, 0.791694725732
30, 962, 0.172690475179
30, 963, 0.771760853193
31, 961, 0.834275094038
31, 962, 0.285303747546
31, 963, 0.235385614077
32, 961, 0.276983088872
32, 962, 0.321504276023
32, 963, 0.478850724356
33, 961, 0.312813231683
33, 962, 0.367136775272
33, 963, 0.429178103113
34, 961, 0.775929789067
34, 962, 0.959253677006
34, 963, 0.413412032072
35, 961, 0.675812357368
35, 962, 0.407803898299
35, 963, 0.113257643154
36, 961, 0.0878159608929
36, 962, 0.155658310141
36, 963, 0.746469824968
37, 961, 0.65152815975
37, 962, 0.697580330063
37, 963, 0.000974295232659
38, 961, 0.468291842153
38, 962, 0.609382317117
38, 963, 0.59655789359
39, 961, 0.230124652822
39, 962, 0.663659099572
39, 963, 0.747954793991
40, 961, 0.366734433158
40, 962, 0.85411713283
40, 963, 0.655005324921
41, 961, 0.310362503267
41, 962, 0.255782496593
41, 963, 0.894495436989
42, 961, 0.520187342358
42, 962, 0.315280577942
42, 963, 0.461700684382
43, 961, 0.194565124411
43, 962, 0.429610259212
43, 963, 0.0751365448152
44, 961, 0.726892136597
44, 962, 0.544356086755
44, 963, 0.124164210242
45, 961, 0.152604522901
45, 962, 0.723903272061
45, 963, 0.977059836798
46, 961, 0.453121787789
46, 962, 0.0352529613189
46, 963, 0.746553036707
47, 961, 0.41887810974
47, 962, 0.671271460778
47, 963, 0.0991775696847
48, 961, 0.816219313186
48, 962, 0.396940357549
48, 963, 0.308229966402
49, 961, 0.0119441592735
49, 962, 0.797824760774
49, 963, 0.00922138015664
50, 961, 0.600170395619
50, 962, 0.458278884306
50, 963, 0.777657982013
51, 961, 0.874764347478
51, 962, 0.364807084217
51, 963, 0.481059770073
52, 961, 0.848445624885
52, 962, 0.128470807464
52, 963, 0.115784067391
53, 961, 0.520795076043
53, 962, 0.408855390294
53, 963, 0.800998721491
54, 961, 0.0813738974678
54, 962, 0.164412083856
54, 963, 0.873876167076
55, 961, 0.6150331394
55, 962, 0.701296157121
55, 963, 0.0260081238046
56, 961, 0.274092246588
56, 962, 0.874997535601
56, 963, 0.0980866013516
57, 961, 0.951099274968
57, 962, 0.281042535404
57, 963, 0.986020411309
58, 961, 0.811826924739
58, 962, 0.0965937294786
58, 963, 0.391223357526
59, 961, 0.301939600963
59, 962, 0.829681642223
59, 963, 0.354113757592
60, 961, 0.9173280096
60, 962, 0.00166131569854
60, 963, 0.53286274036
61, 961, 0.664695056514
61, 962, 0.773574919475
61, 963, 0.696543964252
62, 961, 0.642711845104
62, 962, 0.547335109903
62, 963, 0.507271049597
63, 961, 0.150785879813
63, 962, 0.313479540647
63, 963, 0.905675727797
64, 961, 0.227414982769
64, 962, 0.00873372127801
64, 963, 0.46022647826
65, 961, 0.803728476689
65, 962, 0.204845491271
65, 963, 0.0189944226035
66, 961, 0.760953993302
66, 962, 0.203915980061
66, 963, 0.777704348942
67, 961, 0.915256717622
67, 962, 0.104142963465
67, 963, 0.202518595492
68, 961, 0.0207973518561
68, 962, 0.790497911971
68, 963, 0.462884739019
69, 961, 0.916147463773
69, 962, 0.0273116987534
69, 963, 0.414633628225
70, 961, 0.0382951305142
70, 962, 0.428073281305
70, 963, 0.837982174878
71, 961, 0.293147634072
71, 962, 0.232130812686
71, 963, 0.973623239541
72, 961, 0.0753147560535
72, 962, 0.999465635406
72, 963, 0.317270862936
73, 961, 0.918895730926
73, 962, 0.983355762435
73, 963, 0.263137456056
74, 961, 0.37413350872
74, 962, 0.421156684184
74, 963, 0.964275927568
75, 961, 0.792747152441
75, 962, 0.724423496273
75, 963, 0.278092461022
76, 961, 0.0903593206906
76, 962, 0.991735195812
76, 963, 0.488519569798
77, 961, 0.453304673454
77, 962, 0.584924776401
77, 963, 0.766397916218
78, 961, 0.130071732904
78, 962, 0.463920712888
78, 963, 0.454900276023
79, 961, 0.0776653268391
79, 962, 0.798060209749
79, 963, 0.909428369146
80, 961, 0.122931601379
80, 962, 0.3908028732
80, 963, 0.238078487185
81, 961, 0.1410927739
81, 962, 0.288278894502
81, 963, 0.579982425529
82, 961, 0.382101453153
82, 962, 0.308588257114
82, 963, 0.584442666442
83, 961, 0.694914463061
83, 962, 0.0750191725525
83, 963, 0.888899726687
84, 961, 0.39221438513
84, 962, 0.163873241404
84, 963, 0.577610210875
85, 961, 0.541414632782
85, 962, 0.893267251389
85, 963, 0.145024027963
86, 961, 0.470146060458
86, 962, 0.514242313443
86, 963, 0.307984223497
87, 961, 0.254158209526
87, 962, 0.637623868127
87, 963, 0.394946537505
88, 961, 0.805604221523
88, 962, 0.405008523437
88, 963, 0.38313884885
89, 961, 0.993607300998
89, 962, 0.747549884073
89, 963, 0.634189814876
90, 961, 0.517526939762
90, 962, 0.758066369888
90, 963, 0.127582056878
91, 961, 0.108444378553
91, 962, 0.292918693671
91, 963, 0.81931750103
92, 961, 0.780715332773
92, 962, 0.688780550443
92, 963, 0.909465950702
93, 961, 0.997384910062
93, 962, 0.625910504337
93, 963, 0.747894728433
94, 961, 0.386784446831
94, 962, 0.111986527354
94, 963, 0.0823591397693
95, 961, 0.00177544752785
95, 962, 0.223111896317
95, 963, 0.539466055618
96, 961, 0.584273460601
96, 962, 0.464597645681
96, 963, 0.459046019108
97, 961, 0.564377441116
97, 962, 0.737190924983
97, 963, 0.0400521994899
98, 961, 0.834408591851
98, 962, 0.970022525122
98, 963, 0.443137331621
99, 961, 0.402556429861
99, 962, 0.270983274219
99, 963, 0.620457178165
100, 961, 0.166663072616
100, 962, 0.513845901722
100, 963, 0.0447324391575
101, 961, 0.315724754473
101, 962, 0.966094059082
101, 963, 0.371421820252
102, 961, 0.877332030293
102, 962, 0.773321653744
102, 963, 0.655436690855
103, 961, 0.498498653998
103, 962, 0.932775876572
103, 963, 0.924601799711
104, 961, 0.93654123159
104, 962, 0.577002191643
104, 963, 0.594238615035
105, 961, 0.543385213988
105, 962, 0.605556209658
105, 963, 0.984553944984
106, 961, 0.0832628347428
106, 962, 0.0641231959062
106, 963, 0.943708699191
107, 961, 0.680412831889
107, 962, 0.805465107725
107, 963, 0.801165757582
108, 961, 0.944354820008
108, 962, 0.626605943139
108, 963, 0.623473176354
109, 961, 0.888700669986
109, 962, 0.162202245072
109, 963, 0.890236175124
110, 961, 0.490765912007
110, 962, 0.447877801287
110, 963, 0.855504594962
111, 961, 0.870611561077
111, 962, 0.305851840898
111, 963, 0.977427681732
112, 961, 0.480629610035
112, 962, 0.467473774424
112, 963, 0.138789630344
113, 961, 0.966790442667
113, 962, 0.687750490346
113, 963, 0.145388654755
114, 961, 0.489606484347
114, 962, 0.13288698317
114, 963, 0.100291418834
115, 961, 0.708109180881
115, 962, 0.3473465999
115, 963, 0.328497496717
116, 961, 0.767533840419
116, 962, 0.433300191638
116, 963, 0.651081024298
117, 961, 0.782634228599
117, 962, 0.228193420617
117, 963, 0.970471221127
118, 961, 0.996937414575
118, 962, 0.592542467648
118, 963, 0.61293942207
119, 961, 0.52802652137
119, 962, 0.663095522892
119, 963, 0.31553344767
120, 961, 0.570566979038
120, 962, 0.53522387428
120, 963, 0.986383394185
121, 961, 0.21407650368
121, 962, 0.091262342361
121, 963, 0.0413774738225
122, 961, 0.617789646933
122, 962, 0.244580666892
122, 963, 0.533021693415
123, 961, 0.525780314654
123, 962, 0.174535348138
123, 963, 0.829842524305
124, 961, 0.880819206275
124, 962, 0.262217786994
124, 963, 0.0519794314527
125, 961, 0.435253146205
125, 962, 0.434082879114
125, 963, 0.999838045371
126, 961, 0.826964669229
126, 962, 0.0297056011794
126, 963, 0.401927826722
127, 961, 0.254512833361
127, 962, 0.218166977767
127, 963, 0.34947112935
128, 961, 0.945029398469
128, 962, 0.480104247485
128, 963, 0.435730365608
129, 961, 0.644816302967
129, 962, 0.710635213879
129, 963, 0.990387570212
130, 961, 0.603952205223
130, 962, 0.568720830975
130, 963, 0.193109558571
131, 961, 0.893271791901
131, 962, 0.761500535778
131, 963, 0.083734983863
132, 961, 0.116998822931
132, 962, 0.806456818555
132, 963, 0.0965168059102
133, 961, 0.548597780091
133, 962, 0.272965764479
133, 963, 0.152948563766
134, 961, 0.921287160208
134, 962, 0.0321052067368
134, 963, 0.870874403296
135, 961, 0.7703054563
135, 962, 0.331273473048
135, 963, 0.692051026179
136, 961, 0.686752901932
136, 962, 0.808499919191
136, 963, 0.985091645843
137, 961, 0.625007637046
137, 962, 0.0962368443188
137, 963, 0.345802063104
138, 961, 0.546842011346
138, 962, 0.138761926279
138, 963, 0.0430754058397
139, 961, 0.688942087941
139, 962, 0.265739355719
139, 963, 0.930028637043
140, 961, 0.019065620455
140, 962, 0.817420234005
140, 963, 0.418806952819
141, 961, 0.652393997329
141, 962, 0.867586705961
141, 963, 0.364900627871
142, 961, 0.901501182912
142, 962, 0.825733663865
142, 963, 0.640137745248
143, 961, 0.152749317598
143, 962, 0.0479166265739
143, 963, 0.122026721462
144, 961, 0.816741570487
144, 962, 0.828714060076
144, 963, 0.92243489334
145, 961, 0.501737452532
145, 962, 0.801495267084
145, 963, 0.741749160352
146, 961, 0.00486673087745
146, 962, 0.745389183366
146, 963, 0.303606034092
147, 961, 0.0289627198522
147, 962, 0.126411295175
147, 963, 0.482494679054
148, 961, 0.459877093644
148, 962, 0.186157401753
148, 963, 0.485953044672
149, 961, 0.420628318526
149, 962, 0.232771132449
149, 963, 0.953035955425
150, 961, 0.603279990868
150, 962, 0.234957966535
150, 963, 0.237508420799
151, 961, 0.309321370399
151, 962, 0.0483133404942
151, 963, 0.777372748884
152, 961, 0.157399996021
152, 962, 0.666420692242
152, 963, 0.778930723942
153, 961, 0.546840191395
153, 962, 0.254488179076
153, 963, 0.00568594474537
154, 961, 0.895655112125
154, 962, 0.804377558088
154, 963, 0.713060365644
155, 961, 0.287039511579
155, 962, 0.29657418743
155, 963, 0.422328148587
156, 961, 0.214307824848
156, 962, 0.438578389868
156, 963, 0.10500603687
157, 961, 0.404954740929
157, 962, 0.594401983712
157, 963, 0.779290906075
158, 961, 0.833772439711
158, 962, 0.016834835291
158, 963, 0.618668121086
159, 961, 0.142834655697
159, 962, 0.234885038801
159, 963, 0.0635777214275
160, 961, 0.354419500824
160, 962, 0.737437439653
160, 963, 0.425257948238
161, 961, 0.951955511542
161, 962, 0.966394127478
161, 963, 0.026494639357
162, 961, 0.755623532808
162, 962, 0.201238839389
162, 963, 0.213912246125
163, 961, 0.403535331776
163, 962, 0.922757716491
163, 963, 0.282146768358
164, 961, 0.544653118205
164, 962, 0.653250308807
164, 963, 0.717618769437
165, 961, 0.594149778481
165, 962, 0.77740336526
165, 963, 0.799597662307
166, 961, 0.221985201494
166, 962, 0.834300132678
166, 963, 0.704643011308
167, 961, 0.205791448555
167, 962, 0.878086368278
167, 963, 0.502877985785
168, 961, 0.263681304802
168, 962, 0.390697754879
168, 963, 0.627189627162
169, 961, 0.762784557949
169, 962, 0.482341051138
169, 963, 0.423511249049
170, 961, 0.350385388786
170, 962, 0.705958764088
170, 963, 0.0174758736495
171, 961, 0.567616032451
171, 962, 0.958366296035
171, 963, 0.220896467798
172, 961, 0.547706171016
172, 962, 0.859015713347
172, 963, 0.288050273772
173, 961, 0.576613858013
173, 962, 0.328436666696
173, 963, 0.605446733728
174, 961, 0.793321539678
174, 962, 0.390045559355
174, 963, 0.627600266063
175, 961, 0.67818599609
175, 962, 0.33253875616
175, 963, 0.814781498954
176, 961, 0.765019996034
176, 962, 0.76846188384
176, 963, 0.944909708344
177, 961, 0.485492008851
177, 962, 0.246695720969
177, 963, 0.988119399492
178, 961, 0.40472478716
178, 962, 0.974700745923
178, 963, 0.349511876106
179, 961, 0.150067625618
179, 962, 0.21025370189
179, 963, 0.0973961160533
180, 961, 0.437625789912
180, 962, 0.96410385608
180, 963, 0.12582269241
181, 961, 0.262967108192
181, 962, 0.747838757587
181, 963, 0.355016410074
182, 961, 0.953377909144
182, 962, 0.931372270401
182, 963, 0.772504920849
183, 961, 0.411590763906
183, 962, 0.721255369369
183, 963, 0.710389670134
184, 961, 0.102463152954
184, 962, 0.824020865647
184, 963, 0.101313356091
185, 961, 0.728897577565
185, 962, 0.778603117194
185, 963, 0.186057497438
186, 961, 0.122496880303
186, 962, 0.198222053728
186, 963, 0.696826636994
187, 961, 0.690639191755
187, 962, 0.571556977063
187, 963, 0.551816493871
188, 961, 0.0279533661935
188, 962, 0.383502371455
188, 963, 0.706951259204
189, 961, 0.850023009374
189, 962, 0.433841265717
189, 963, 0.61306299543
190, 961, 0.454707580335
190, 962, 0.769540459899
190, 963, 0.608940031498
191, 961, 0.874713041087
191, 962, 0.478118462295
191, 963, 0.395648827979
192, 961, 0.707053053859
192, 962, 0.177096466631
192, 963, 0.875580201627
193, 961, 0.160317049662
193, 962, 0.880411000163
193, 963, 0.923111131948
194, 961, 0.760602366102
194, 962, 0.325220616983
194, 963, 0.612144396271
195, 961, 0.928627734665
195, 962, 0.678656801091
195, 963, 0.473106645127
196, 961, 0.149935651117
196, 962, 0.322026554135
196, 963, 0.602012493097
197, 961, 0.400262029935
197, 962, 0.00346734546251
197, 963, 0.478826729508
198, 961, 0.668926895889
198, 962, 0.637845597909
198, 963, 0.650783971133
199, 961, 0.180994481882
199, 962, 0.0841424321431
199, 963, 0.0117397275321
200, 961, 0.572142039236
200, 962, 0.394699453305
200, 963, 0.823881743176
201, 961, 0.76999764151
201, 962, 0.479983909714
201, 963, 0.158057592003
202, 961, 0.516145585089
202, 962, 0.31475421832
202, 963, 0.611865346883
203, 961, 0.173503201128
203, 962, 0.285786030583
203, 963, 0.122857684028
204, 961, 0.982615413669
204, 962, 0.111563426705
204, 963, 0.317868669444
205, 961, 0.339027734266
205, 962, 0.768614869428
205, 963, 0.0046857981562
206, 961, 0.739797274644
206, 962, 0.348533618705
206, 963, 0.692738668728
207, 961, 0.651274632656
207, 962, 0.00867968061436
207, 963, 0.11272196517
208, 961, 0.323717033491
208, 962, 0.231231211878
208, 963, 0.20495726686
209, 961, 0.998879233835
209, 962, 0.786888449249
209, 963, 0.39629292406
210, 961, 0.862079190384
210, 962, 0.531351261629
210, 963, 0.677345853723
211, 961, 0.583111400995
211, 962, 0.593179292669
211, 963, 0.568176842403
212, 961, 0.817145679545
212, 962, 0.020527375578
212, 963, 0.84379859394
213, 961, 0.593928328518
213, 962, 0.786327607607
213, 963, 0.746854097688
214, 961, 0.649759825666
214, 962, 0.704999085968
214, 963, 0.100915807924
215, 961, 0.912273514881
215, 962, 0.935328233834
215, 963, 0.987760940815
216, 961, 0.305826214024
216, 962, 0.213656500681
216, 963, 0.917143206574
217, 961, 0.925348837434
217, 962, 0.462061613377
217, 963, 0.845052815267
218, 961, 0.893680256008
218, 962, 0.705544893022
218, 963, 0.465933608739
219, 961, 0.0404196302216
219, 962, 0.799807806192
219, 963, 0.247227149467
220, 961, 0.697189595673
220, 962, 0.214205132817
220, 963, 0.0983074926887
221, 961, 0.65848617522
221, 962, 0.034976747016
221, 963, 0.70539893914
222, 961, 0.692760466439
222, 962, 0.317737973863
222, 963, 0.172059036827
223, 961, 0.658972554454
223, 962, 0.698202392845
223, 963, 0.69843360904
224, 961, 0.0822975031104
224, 962, 0.0602742536691
224, 963, 0.417395776372
225, 961, 0.407062455332
225, 962, 0.916931961801
225, 963, 0.475450025794
226, 961, 0.395834113463
226, 962, 0.610876425505
226, 963, 0.633345435436
227, 961, 0.659554235728
227, 962, 0.541035792634
227, 963, 0.962579577357
228, 961, 0.449737468919
228, 962, 0.552762499879
228, 963, 0.474711990625
229, 961, 0.849688841766
229, 962, 0.177803574032
229, 963, 0.494971253823
230, 961, 0.480734464105
230, 962, 0.00174087844582
230, 963, 0.0633341946177
231, 961, 0.80442050843
231, 962, 0.0637106517075
231, 963, 0.51082934259
232, 961, 0.925524808017
232, 962, 0.384141883813
232, 963, 0.32047749776
233, 961, 0.800469108901
233, 962, 0.852793476358
233, 963, 0.725995973615
234, 961, 0.959235954713
234, 962, 0.220925364349
234, 963, 0.495335535031
235, 961, 0.0882134709359
235, 962, 0.766766356529
235, 963, 0.977628322691
236, 961, 0.595390096168
236, 962, 0.840344971814
236, 963, 0.220278301118
237, 961, 0.722571799329
237, 962, 0.737532801796
237, 963, 0.745136602736
238, 961, 0.220016245814
238, 962, 0.656537815433
238, 963, 0.869975789726
239, 961, 0.713850808261
239, 962, 0.791197898911
239, 963, 0.0185091534126
240, 961, 0.857157950977
240, 962, 0.940819462989
240, 963, 0.431151610271
241, 961, 0.556108355096
241, 962, 0.484944854991
241, 963, 0.633386330703
242, 961, 0.955491560415
242, 962, 0.268118379749
242, 963, 0.429474317892
243, 961, 0.778289633174
243, 962, 0.974765778506
243, 963, 0.358773301946
244, 961, 0.800216706648
244, 962, 0.384938895049
244, 963, 0.952105037477
245, 961, 0.705648458539
245, 962, 0.138658290301
245, 963, 0.634824451408
246, 961, 0.710399022208
246, 962, 0.0787133970305
246, 963, 0.61125128825
247, 961, 0.044350246391
247, 962, 0.805160296832
247, 963, 0.0148096835048
248, 961, 0.183686669247
248, 962, 0.701436327958
248, 963, 0.516471461663
249, 961, 0.219072949029
249, 962, 0.772930677455
249, 963, 0.826607541925
250, 961, 0.376445732021
250, 962, 0.942526038859
250, 963, 0.532937095844
251, 961, 0.770228828576
251, 962, 0.682649860708
251, 963, 0.393550737869
252, 961, 0.617064606841
252, 962, 0.689095609367
252, 963, 0.578260370465
253, 961, 0.409062631851
253, 962, 0.525872314606
253, 963, 0.234350472073
254, 961, 0.718242315076
254, 962, 0.829424512126
254, 963, 0.795575425542
255, 961, 0.844705295688
255, 962, 0.36140190455
255, 963, 0.325375538349
256, 961, 0.110884444613
256, 962, 0.165183391939
256, 963, 0.328498681845
257, 961, 0.125216287673
257, 962, 0.303418190045
257, 963, 0.0387880586477
258, 961, 0.741561057936
258, 962, 0.866894627154
258, 963, 0.547734076539
259, 961, 0.781804660952
259, 962, 0.730154855244
259, 963, 0.621122419702
260, 961, 0.98786460593
260, 962, 0.493182027279
260, 963, 0.248082987278
261, 961, 0.814151535214
261, 962, 0.845568969477
261, 963, 0.0399416711066
262, 961, 0.807832858685
262, 962, 0.896696155145
262, 963, 0.31179985894
263, 961, 0.0473555615165
263, 962, 0.913785561843
263, 963, 0.975731570286
264, 961, 0.562475966552
264, 962, 0.842878033251
264, 963, 0.979571889845
265, 961, 0.533577266214
265, 962, 0.0870050250738
265, 963, 0.660764164101
266, 961, 0.00183369199313
266, 962, 0.753570022813
266, 963, 0.772210003934
267, 961, 0.218073289868
267, 962, 0.515324874565
267, 963, 0.246404396446
268, 961, 0.975894872426
268, 962, 0.18581080338
268, 963, 0.225544814913
269, 961, 0.557129752795
269, 962, 0.895315648096
269, 963, 0.518327424808
270, 961, 0.742100465551
270, 962, 0.311664182492
270, 963, 0.198630904418
271, 961, 0.138739379074
271, 962, 0.0474065103354
271, 963, 0.839556611733
272, 961, 0.387341903227
272, 962, 0.364323789884
272, 963, 0.34686442137
273, 961, 0.658847048827
273, 962, 0.771418642413
273, 963, 0.417525575505
274, 961, 0.147605962314
274, 962, 0.75531437719
274, 963, 0.552190854358
275, 961, 0.136830375694
275, 962, 0.990336067327
275, 963, 0.756284040432
276, 961, 0.370800789222
276, 962, 0.00145576893464
276, 963, 0.558490730015
277, 961, 0.928318079609
277, 962, 0.407296003103
277, 963, 0.366140863247
278, 961, 0.469122230951
278, 962, 0.786740472252
278, 963, 0.548045802279
279, 961, 0.521024410873
279, 962, 0.657453770904
279, 963, 0.550346661282
280, 961, 0.123461164231
280, 962, 0.435275534088
280, 963, 0.578406945818
281, 961, 0.379361653912
281, 962, 0.73935515118
281, 963, 0.63599912031
282, 961, 0.635558834054
282, 962, 0.0181535892364
282, 963, 0.860579372508
283, 961, 0.462251653433
283, 962, 0.896337604629
283, 963, 0.350187167676
284, 961, 0.30974421442
284, 962, 0.809433626989
284, 963, 0.865265532079
285, 961, 0.0697613737294
285, 962, 0.398375775579
285, 963, 0.460339357604
286, 961, 0.263724347995
286, 962, 0.0635282865293
286, 963, 0.216297073549
287, 961, 0.303616259214
287, 962, 0.0608453644773
287, 963, 0.455357134662
288, 961, 0.187979483766
288, 962, 0.158463858693
288, 963, 0.908286322074
289, 961, 0.334376434216
289, 962, 0.312115863712
289, 963, 0.570456397819
290, 961, 0.456236956255
290, 962, 0.898288352448
290, 963, 0.548263113939
291, 961, 0.187143481267
291, 962, 0.391001508139
291, 963, 0.647571796716
292, 961, 0.552585865843
292, 962, 0.659319749287
292, 963, 0.897950610632
293, 961, 0.7788154897
293, 962, 0.53731545523
293, 963, 0.735785220811
294, 961, 0.458619743618
294, 962, 0.728974563173
294, 963, 0.991022765124
295, 961, 0.329923933378
295, 962, 0.89306992891
295, 963, 0.935543043712
296, 961, 0.301780368768
296, 962, 0.336581979282
296, 963, 0.250411688704
297, 961, 0.0328974243621
297, 962, 0.779922683638
297, 963, 0.956787300537
298, 961, 0.760485133785
298, 962, 0.0833607606238
298, 963, 0.422825379307
299, 961, 0.59867968983
299, 962, 0.0507256795478
299, 963, 0.83850666371
300, 961, 0.682391550885
300, 962, 0.935835962021
300, 963, 0.318491896986
301, 961, 0.426999474077
301, 962, 0.817800331587
301, 963, 0.957147279565
302, 961, 0.354543648432
302, 962, 0.242500441768
302, 963, 0.420420186567
303, 961, 0.913755409123
303, 962, 0.211642767292
303, 963, 0.27720370333
304, 961, 0.791175573525
304, 962, 0.396036245784
304, 963, 0.44627901113
305, 961, 0.640805917123
305, 962, 0.0356043623918
305, 963, 0.929430220977
306, 961, 0.620497401907
306, 962, 0.954274991154
306, 963, 0.660889339668
307, 961, 0.160096744783
307, 962, 0.0995029568237
307, 963, 0.679184360458
308, 961, 0.895123277824
308, 962, 0.0478089292281
308, 963, 0.396358195877
309, 961, 0.576432779215
309, 962, 0.379039892758
309, 963, 0.539526195501
310, 961, 0.515009406095
310, 962, 0.031308119774
310, 963, 0.203191256221
311, 961, 0.520097383126
311, 962, 0.463459230635
311, 963, 0.236151034993
312, 961, 0.211496061621
312, 962, 0.726162823414
312, 963, 0.107320062836
313, 961, 0.692535173896
313, 962, 0.670468678104
313, 963, 0.266118626094
314, 961, 0.911565289901
314, 962, 0.842115015589
314, 963, 0.877965164694
315, 961, 0.682574693659
315, 962, 0.876043452374
315, 963, 0.0390289590775
316, 961, 0.122320299207
316, 962, 0.402888676934
316, 963, 0.939393731522
317, 961, 0.158750902354
317, 962, 0.140799556001
317, 963, 0.342529821829
318, 961, 0.247299383476
318, 962, 0.314426302422
318, 963, 0.729107576091
319, 961, 0.909803013354
319, 962, 0.684193575195
319, 963, 0.102681160745
320, 961, 0.38152428927
320, 962, 0.378405162821
320, 963, 0.272888638803
321, 961, 0.39518210525
321, 962, 0.0455462058448
321, 963, 0.845926980382
322, 961, 0.384733483996
322, 962, 0.416157551342
322, 963, 0.0270952081432
323, 961, 0.0122704716694
323, 962, 0.0634196922667
323, 963, 0.316368222413
324, 961, 0.681566738846
324, 962, 0.674746360803
324, 963, 0.684575149027
325, 961, 0.768743811948
325, 962, 0.973589794526
325, 963, 0.787831416635
326, 961, 0.164202141534
326, 962, 0.487366492551
326, 963, 0.827195851762
327, 961, 0.273006349269
327, 962, 0.0638746956995
327, 963, 0.0957299316935
328, 961, 0.918509073309
328, 962, 0.209798086798
328, 963, 0.698562785898
329, 961, 0.857077423463
329, 962, 0.953359660499
329, 963, 0.677954413937
330, 961, 0.411932699094
330, 962, 0.0286436509094
330, 963, 0.294326113285
331, 961, 0.102491027707
331, 962, 0.00864797803954
331, 963, 0.797496135406
332, 961, 0.0325414685402
332, 962, 0.51788941423
332, 963, 0.750968291866
333, 961, 0.082631470603
333, 962, 0.0990688089945
333, 963, 0.241348570761
334, 961, 0.924350530856
334, 962, 0.920335785776
334, 963, 0.996752732973
335, 961, 0.00843018770817
335, 962, 0.658892768954
335, 963, 0.366547692166
336, 961, 0.346710520171
336, 962, 0.56755755477
336, 963, 0.128283895143
337, 961, 0.688621991729
337, 962, 0.540061759781
337, 963, 0.0153970106844
338, 961, 0.38793782428
338, 962, 0.408592484167
338, 963, 0.03637576154
339, 961, 0.803763669639
339, 962, 0.495099688978
339, 963, 0.878618512214
340, 961, 0.865053539215
340, 962, 0.250998702973
340, 963, 0.796827882199
341, 961, 0.804024967116
341, 962, 0.535959586501
341, 963, 0.671145459835
342, 961, 0.0419281403281
342, 962, 0.0121919479559
342, 963, 0.62584255567
343, 961, 0.304549226499
343, 962, 0.466565539514
343, 963, 0.336083862814
344, 961, 0.988191386811
344, 962, 0.717121388757
344, 963, 0.715952916527
345, 961, 0.213664935436
345, 962, 0.905751052299
345, 963, 0.817408804996
346, 961, 0.0187483714949
346, 962, 0.522354696665
346, 963, 0.74820457725
347, 961, 0.105864927412
347, 962, 0.203404455228
347, 963, 0.181585412035
348, 961, 0.655146179854
348, 962, 0.832081271956
348, 963, 0.92422066241
349, 961, 0.33090703988
349, 962, 0.198501193736
349, 963, 0.387157836246
350, 961, 0.432666008358
350, 962, 0.15415780677
350, 963, 0.10520203899
351, 961, 0.859349427319
351, 962, 0.915715878059
351, 963, 0.667821322424
352, 961, 0.552468635403
352, 962, 0.392913609665
352, 963, 0.0606288241675
353, 961, 0.0415907679955
353, 962, 0.27799796684
353, 963, 0.634728098976
354, 961, 0.6128357857
354, 962, 0.633703933924
354, 963, 0.876716682055
355, 961, 0.0481163268429
355, 962, 0.0452657417306
355, 963, 0.221530284035
356, 961, 0.890629754723
356, 962, 0.154942191739
356, 963, 0.236161110668
357, 961, 0.964823652121
357, 962, 0.949521969408
357, 963, 0.392120067095
358, 961, 0.308343050849
358, 962, 0.604406939759
358, 963, 0.973392269381
359, 961, 0.320607299581
359, 962, 0.799971726661
359, 963, 0.0802443953641
360, 961, 0.300374282194
360, 962, 0.912763991505
360, 963, 0.541632620248
361, 961, 0.874096061315
361, 962, 0.500943278988
361, 963, 0.820960204084
362, 961, 0.205845711258
362, 962, 0.0688005936406
362, 963, 0.792975782954
363, 961, 0.526067543965
363, 962, 0.546337151839
363, 963, 0.577971772496
364, 961, 0.182361983935
364, 962, 0.893725460418
364, 963, 0.332294490177
365, 961, 0.923430996386
365, 962, 0.138693174006
365, 963, 0.766922791833
366, 961, 0.441199239124
366, 962, 0.803706083865
366, 963, 0.214360761774
367, 961, 0.152623037514
367, 962, 0.376714915556
367, 963, 0.604476294192
368, 961, 0.414122070354
368, 962, 0.794816866015
368, 963, 0.581527506567
369, 961, 0.495469661684
369, 962, 0.72491432234
369, 963, 0.831544083561
370, 961, 0.416660707015
370, 962, 0.508636893782
370, 963, 0.574254742028
371, 961, 0.641018253683
371, 962, 0.501512422222
371, 963, 0.665476524681
372, 961, 0.863090132591
372, 962, 0.420472431881
372, 963, 0.881435305723
373, 961, 0.996051453823
373, 962, 0.434880301044
373, 963, 0.76999887723
374, 961, 0.579443797339
374, 962, 0.902038125673
374, 963, 0.356699289201
375, 961, 0.746280616721
375, 962, 0.850344202453
375, 963, 0.0876087416247
376, 961, 0.139605576905
376, 962, 0.704066815951
376, 963, 0.974785392908
377, 961, 0.837618676674
377, 962, 0.91666534117
377, 963, 0.257235095567
378, 961, 0.907456097554
378, 962, 0.996556735268
378, 963, 0.154787839549
379, 961, 0.313380420639
379, 962, 0.857831040136
379, 963, 0.323391484947
380, 961, 0.364026998344
380, 962, 0.593437208917
380, 963, 0.612923656791
381, 961, 0.094536807925
381, 962, 0.257626611647
381, 963, 0.00224151541781
382, 961, 0.825558254099
382, 962, 0.47445473247
382, 963, 0.264098879981
383, 961, 0.89576160262
383, 962, 0.332630252761
383, 963, 0.404213178321
384, 961, 0.107342230979
384, 962, 0.317876800502
384, 963, 0.840920242346
385, 961, 0.660426727526
385, 962, 0.629297524016
385, 963, 0.918471539061
386, 961, 0.47997869283
386, 962, 0.38286095929
386, 963, 0.999060008356
387, 961, 0.781935191528
387, 962, 0.293687724474
387, 963, 0.63169815861
388, 961, 0.294135245195
388, 962, 0.10214451836
388, 963, 0.812906322174
389, 961, 0.927693786438
389, 962, 0.26778487571
389, 963, 0.485036173246
390, 961, 0.25693009193
390, 962, 0.10976428652
390, 963, 0.554046723023
391, 961, 0.695449665631
391, 962, 0.431433734313
391, 963, 0.785508814604
392, 961, 0.755421746665
392, 962, 0.920149594131
392, 963, 0.874924635649
393, 961, 0.372426558582
393, 962, 0.0675308441675
393, 963, 0.778777222926
394, 961, 0.531649959368
394, 962, 0.799693056849
394, 963, 0.381456154855
395, 961, 0.329431068555
395, 962, 0.572010002549
395, 963, 0.916848597104
396, 961, 0.943772009462
396, 962, 0.0117809028512
396, 963, 0.648522045431
397, 961, 0.472098098287
397, 962, 0.127390564594
397, 963, 0.0458325117699
398, 961, 0.435494289679
398, 962, 0.70109762629
398, 963, 0.160411456748
399, 961, 0.927014412705
399, 962, 0.708329321718
399, 963, 0.985203040946
400, 961, 0.375420219552
400, 962, 0.321029309678
400, 963, 0.98882467053
401, 961, 0.0460325557777
401, 962, 0.122335711708
401, 963, 0.742253434989
402, 961, 0.254051161491
402, 962, 0.193847734502
402, 963, 0.837808728381
403, 961, 0.734786289768
403, 962, 0.18349068525
403, 963, 0.121090192644
404, 961, 0.427702196466
404, 962, 0.486453207546
404, 963, 0.416475667035
405, 961, 0.215405503408
405, 962, 0.737931714756
405, 963, 0.315619371373
406, 961, 0.579109147763
406, 962, 0.63982537876
406, 963, 0.668034618882
407, 961, 0.746072451866
407, 962, 0.262582279629
407, 963, 0.847409332736
408, 961, 0.453683765344
408, 962, 0.0314207915797
408, 963, 0.186034438001
409, 961, 0.489904494182
409, 962, 0.614449936418
409, 963, 0.00726240047651
410, 961, 0.851894931512
410, 962, 0.609418200858
410, 963, 0.285389305659
411, 961, 0.723856771833
411, 962, 0.599000532365
411, 963, 0.107960938837
412, 961, 0.607092891173
412, 962, 0.297264272881
412, 963, 0.128073997721
413, 961, 0.242426156409
413, 962, 0.601344483873
413, 963, 0.449300217044
414, 961, 0.944598674879
414, 962, 0.0625187318259
414, 963, 0.544724425546
415, 961, 0.647385997471
415, 962, 0.19480384076
415, 963, 0.907953128736
416, 961, 0.0709405078203
416, 962, 0.366753660185
416, 963, 0.62455572546
417, 961, 0.415952195934
417, 962, 0.920649323292
417, 963, 0.870475680957
418, 961, 0.916249298079
418, 962, 0.508725674819
418, 963, 0.561721577086
419, 961, 0.126065134329
419, 962, 0.374390611812
419, 963, 0.112567259613
420, 961, 0.0557132521834
420, 962, 0.221435121098
420, 963, 0.451690585009
421, 961, 0.411673947118
421, 962, 0.181161558825
421, 963, 0.144823247179
422, 961, 0.0160174496564
422, 962, 0.567073095637
422, 963, 0.405603819596
423, 961, 0.42725072499
423, 962, 0.760676747564
423, 963, 0.954006739461
424, 961, 0.13898363275
424, 962, 0.793977516365
424, 963, 0.905000359334
425, 961, 0.426564038784
425, 962, 0.811709408382
425, 963, 0.159510861938
426, 961, 0.922122879926
426, 962, 0.631409315575
426, 963, 0.634632626909
427, 961, 0.477270868209
427, 962, 0.875477671417
427, 963, 0.226618774368
428, 961, 0.424780083996
428, 962, 0.403158335277
428, 963, 0.686879810395
429, 961, 0.855102856263
429, 962, 0.947030946218
429, 963, 0.792668349371
430, 961, 0.915282798839
430, 962, 0.917982062711
430, 963, 0.757048460204
431, 961, 0.751109555797
431, 962, 0.172252884552
431, 963, 0.609330485836
432, 961, 0.584181632387
432, 962, 0.900449071546
432, 963, 0.470615917899
433, 961, 0.105508470525
433, 962, 0.828529543516
433, 963, 0.920468987921
434, 961, 0.587187260159
434, 962, 0.776481315866
434, 963, 0.210090112804
435, 961, 0.235218058589
435, 962, 0.219685943296
435, 963, 0.306781268796
436, 961, 0.345901155255
436, 962, 0.285536562815
436, 963, 0.291308571721
437, 961, 0.226965136571
437, 962, 0.548852029966
437, 963, 0.45031962044
438, 961, 0.204688436973
438, 962, 0.972674211212
438, 963, 0.728011223691
439, 961, 0.10344119318
439, 962, 0.100432657916
439, 963, 0.600442475866
440, 961, 0.620619463187
440, 962, 0.473349595834
440, 963, 0.968069715399
441, 961, 0.610330804296
441, 962, 0.404721006516
441, 963, 0.555859117911
442, 961, 0.441687783052
442, 962, 0.648731149193
442, 963, 0.987035054166
443, 961, 0.918078081835
443, 962, 0.160795348831
443, 963, 0.763663740907
444, 961, 0.565621561171
444, 962, 0.000592982604256
444, 963, 0.766074430111
445, 961, 0.104632983524
445, 962, 0.235063812001
445, 963, 0.564761657183
446, 961, 0.982758827377
446, 962, 0.224533386842
446, 963, 0.974574550015
447, 961, 0.60920970486
447, 962, 0.976277934859
447, 963, 0.781266516727
448, 961, 0.967257407459
448, 962, 0.780936232485
448, 963, 0.199871032414
449, 961, 0.437593219677
449, 962, 0.756436424853
449, 963, 0.331835823752
450, 961, 0.935932064854
450, 962, 0.205724021619
450, 963, 0.194224214464
451, 961, 0.777449765429
451, 962, 0.827351425532
451, 963, 0.799460105456
452, 961, 0.0653335688132
452, 962, 0.860794608837
452, 963, 0.914335723241
453, 961, 0.118913763027
453, 962, 0.178124325523
453, 963, 0.133409288367
454, 961, 0.889269397824
454, 962, 0.753997613698
454, 963, 0.584727415636
455, 961, 0.276901546043
455, 962, 0.389715813329
455, 963, 0.509241950672
456, 961, 0.0921241397012
456, 962, 0.25714717422
456, 963, 0.213695154922
457, 961, 0.0997194369286
457, 962, 0.00358439832779
457, 963, 0.0348402118098
458, 961, 0.360131248907
458, 962, 0.810948405279
458, 963, 0.55087529599
459, 961, 0.631632402413
459, 962, 0.064455981057
459, 963, 0.614128316288
460, 961, 0.597892936542
460, 962, 0.557285833655
460, 963, 0.677406860304
461, 961, 0.949886755157
461, 962, 0.423801751291
461, 963, 0.0506149823467
462, 961, 0.160632616036
462, 962, 0.95002051948
462, 963, 0.0676198994167
463, 961, 0.671822061966
463, 962, 0.0902743196288
463, 963, 0.478061343934
464, 961, 0.254126990963
464, 962, 0.487989393749
464, 963, 0.952447243762
465, 961, 0.104433199066
465, 962, 0.0160870134581
465, 963, 0.765937930763
466, 961, 0.675661079547
466, 962, 0.695935778428
466, 963, 0.51354489233
467, 961, 0.643734545964
467, 962, 0.967252067278
467, 963, 0.744337834931
468, 961, 0.682573603018
468, 962, 0.857525663538
468, 963, 0.758995032029
469, 961, 0.171684669807
469, 962, 0.314782118208
469, 963, 0.743940654459
470, 961, 0.0460875817944
470, 962, 0.179691663246
470, 963, 0.622152437956
471, 961, 0.406211155514
471, 962, 0.698759283599
471, 963, 0.991307098335
472, 961, 0.762525668371
472, 962, 0.471681949055
472, 963, 0.949866199098
473, 961, 0.769892604799
473, 962, 0.645826451531
473, 963, 0.506416106238
474, 961, 0.728047021065
474, 962, 0.952796353198
474, 963, 0.373165883702
475, 961, 0.178465090153
475, 962, 0.353042478213
475, 963, 0.939475015117
476, 961, 0.066741365635
476, 962, 0.493148541231
476, 963, 0.0232329396244
477, 961, 0.835828337885
477, 962, 0.575370885069
477, 963, 0.167291931104
478, 961, 0.287576521531
478, 962, 0.560981817498
478, 963, 0.531758951891
479, 961, 0.989120403664
479, 962, 0.594312448128
479, 963, 0.594247528931
480, 961, 0.380136972465
480, 962, 0.926223164901
480, 963, 0.0355189126633
481, 961, 0.565529763854
481, 962, 0.472180148153
481, 963, 0.0677793069185
482, 961, 0.861527782514
482, 962, 0.558161304777
482, 963, 0.0635318357542
483, 961, 0.787388481348
483, 962, 0.637064716292
483, 963, 0.486650444281
484, 961, 0.253757996554
484, 962, 0.673376937616
484, 963, 0.443995182535
485, 961, 0.21855580287
485, 962, 0.559658053287
485, 963, 0.946519865907
486, 961, 0.258552623912
486, 962, 0.169643093506
486, 963, 0.855545334602
487, 961, 0.0829406762279
487, 962, 0.429439326301
487, 963, 0.457711728142
488, 961, 0.427003743609
488, 962, 0.975846669633
488, 963, 0.330795780523
489, 961, 0.254213181512
489, 962, 0.975447322227
489, 963, 0.163914722599
490, 961, 0.197633903968
490, 962, 0.54375019782
490, 963, 0.0933528852171
491, 961, 0.702329538322
491, 962, 0.165895929919
491, 963, 0.301711712091
492, 961, 0.989306264107
492, 962, 0.21015269772
492, 963, 0.610191998692
493, 961, 0.964570821083
493, 962, 0.682641890894
493, 963, 0.406787769181
494, 961, 0.422327760984
494, 962, 0.722022775325
494, 963, 0.617848439849
495, 961, 0.75328901749
495, 962, 0.538452491571
495, 963, 0.245569341105
496, 961, 0.243590525178
496, 962, 0.300323972201
496, 963, 0.85817677025
497, 961, 0.195381586014
497, 962, 0.575161490303
497, 963, 0.0818285072382
498, 961, 0.50830372375
498, 962, 0.860491887056
498, 963, 0.74839833439
499, 961, 0.817902051281
499, 962, 0.653016153962
499, 963, 0.0647985780819
500, 961, 0.60196342931
500, 962, 0.0304610694447
500, 963, 0.703810387203
501, 961, 0.722378198748
501, 962, 0.699169396847
501, 963, 0.148304714874
502, 961, 0.177277389033
502, 962, 0.540510210153
502, 963, 0.760657625446
503, 961, 0.463934322268
503, 962, 0.00345289537663
503, 963, 0.237753528363
504, 961, 0.995097747476
504, 962, 0.503420848254
504, 963, 0.420440805827
505, 961, 0.645123901696
505, 962, 0.339846473476
505, 963, 0.587597951953
506, 961, 0.122608018174
506, 962, 0.362088305503
506, 963, 0.832295431887
507, 961, 0.743123628505
507, 962, 0.0839761797347
507, 963, 0.514638162189
508, 961, 0.263298537142
508, 962, 0.17950160595
508, 963, 0.0281039570697
509, 961, 0.519800398378
509, 962, 0.483746352219
509, 963, 0.585029464867
510, 961, 0.220919174085
510, 962, 0.349274920315
510, 963, 0.316156824194
511, 961, 0.80270649614
511, 962, 0.795759565713
511, 963, 0.851080114312
512, 961, 0.754324114632
512, 962, 0.815656486386
512, 963, 0.106351712297
513, 961, 0.809904459104
513, 962, 0.465600894237
513, 963, 0.216895420173
514, 961, 0.46938781508
514, 962, 0.565322401073
514, 963, 0.893440496181
515, 961, 0.617184436693
515, 962, 0.818296114031
515, 963, 0.81255646107
516, 961, 0.367762739264
516, 962, 0.044303156693
516, 963, 0.946787808942
517, 961, 0.572799859733
517, 962, 0.316860337407
517, 963, 0.424378976092
518, 961, 0.248290827369
518, 962, 0.405978231391
518, 963, 0.370762889025
519, 961, 0.617589273812
519, 962, 0.892672656519
519, 963, 0.550230416652
520, 961, 0.500387274953
520, 962, 0.863416914225
520, 963, 0.183780640985
521, 961, 0.0147451378769
521, 962, 0.963377334765
521, 963, 0.547258428055
522, 961, 0.0385471123702
522, 962, 0.283311596551
522, 963, 0.967554858751
523, 961, 0.907264157696
523, 962, 0.43921776181
523, 963, 0.862391552623
524, 961, 0.0329000705369
524, 962, 0.7748641574
524, 963, 0.9943543942
525, 961, 0.708302072133
525, 962, 0.821682025635
525, 963, 0.747278622939
526, 961, 0.576799138913
526, 962, 0.286000420236
526, 963, 0.803791641534
527, 961, 0.931851819548
527, 962, 0.582914745005
527, 963, 0.51135972767
528, 961, 0.917679420803
528, 962, 0.452809419715
528, 963, 0.228689056758
529, 961, 0.791306937178
529, 962, 0.21357223371
529, 963, 0.298413951786
530, 961, 0.768215528962
530, 962, 0.823938014001
530, 963, 0.703334694031
531, 961, 0.101628968161
531, 962, 0.974255477514
531, 963, 0.312480846494
532, 961, 0.349550309501
532, 962, 0.86994279405
532, 963, 0.676968447861
533, 961, 0.636010225365
533, 962, 0.929357997958
533, 963, 0.917282545763
534, 961, 0.937658912159
534, 962, 0.125631913273
534, 963, 0.84013033472
535, 961, 0.34648020902
535, 962, 0.65922687491
535, 963, 0.496089226531
536, 961, 0.485426710815
536, 962, 0.0561758957502
536, 963, 0.705566549684
537, 961, 0.175342664631
537, 962, 0.0733159222649
537, 963, 0.502435017876
538, 961, 0.466253788755
538, 962, 0.905393241616
538, 963, 0.999124425408
539, 961, 0.328724569607
539, 962, 0.895307878944
539, 963, 0.984540068262
540, 961, 0.774064947192
540, 962, 0.684711816945
540, 963, 0.191900798149
541, 961, 0.939359233341
541, 962, 0.368449942446
541, 963, 0.994210324584
542, 961, 0.210814586801
542, 962, 0.258515673442
542, 963, 0.665643435597
543, 961, 0.0360558999356
543, 962, 0.993235107709
543, 963, 0.490024554164
544, 961, 0.67766552012
544, 962, 0.223679353336
544, 963, 0.874078323478
545, 961, 0.230091310978
545, 962, 0.144499298459
545, 963, 0.454132688143
546, 961, 0.698806058375
546, 962, 0.500749563483
546, 963, 0.29025623651
547, 961, 0.0557476565853
547, 962, 0.180010437033
547, 963, 0.145310239115
548, 961, 0.649264866265
548, 962, 0.904421538225
548, 963, 0.749100601605
549, 961, 0.194383224181
549, 962, 0.389069982716
549, 963, 0.0720666534377
550, 961, 0.499301336284
550, 962, 0.412567880172
550, 963, 0.524128580235
551, 961, 0.811208402243
551, 962, 0.319564777889
551, 963, 0.303772679637
552, 961, 0.566652633424
552, 962, 0.624829728139
552, 963, 0.780701703894
553, 961, 0.243411580359
553, 962, 0.563372355453
553, 963, 0.105049162239
554, 961, 0.0428986508884
554, 962, 0.826272164572
554, 963, 0.62070753841
555, 961, 0.0155176546805
555, 962, 0.0215080930096
555, 963, 0.268795772703
556, 961, 0.150008532547
556, 962, 0.299641687322
556, 963, 0.695677805654
557, 961, 0.25981340619
557, 962, 0.143731148925
557, 963, 0.404403990165
558, 961, 0.63791740824
558, 962, 0.0542041879151
558, 963, 0.294756970988
559, 961, 0.320928525575
559, 962, 0.738007616787
559, 963, 0.107677386547
560, 961, 0.118626577883
560, 962, 0.699417994008
560, 963, 0.578325219799
561, 961, 0.0858139159348
561, 962, 0.425387336867
561, 963, 0.0529731734268
562, 961, 0.508394890651
562, 962, 0.981675571367
562, 963, 0.573724899824
563, 961, 0.21085033854
563, 962, 0.610780835173
563, 963, 0.263653254497
564, 961, 0.119743149826
564, 962, 0.736483632095
564, 963, 0.183762810288
565, 961, 0.0558312270648
565, 962, 0.212014051242
565, 963, 0.800956601492
566, 961, 0.861260206172
566, 962, 0.679725769916
566, 963, 0.664210538201
567, 961, 0.627725050309
567, 962, 0.891310752415
567, 963, 0.779238796836
568, 961, 0.115954897592
568, 962, 0.0907298662794
568, 963, 0.695213249876
569, 961, 0.00379278592893
569, 962, 0.142159309045
569, 963, 0.107828947118
570, 961, 0.278234589356
570, 962, 0.979463498387
570, 963, 0.577654494115
571, 961, 0.28344869175
571, 962, 0.699682904266
571, 963, 0.616857249462
572, 961, 0.620594904828
572, 962, 0.700974512149
572, 963, 0.811254355027
573, 961, 0.179022313927
573, 962, 0.348268201265
573, 963, 0.466758519881
574, 961, 0.155820375032
574, 962, 0.632778463541
574, 963, 0.0402426653215
575, 961, 0.238417353777
575, 962, 0.0617598802627
575, 963, 0.708092466818
576, 961, 0.283096632019
576, 962, 0.111246168537
576, 963, 0.484743854316
577, 961, 0.685851726136
577, 962, 0.180733420633
577, 963, 0.542722846624
578, 961, 0.796203414479
578, 962, 0.40912652274
578, 963, 0.586286429938
579, 961, 0.424314346163
579, 962, 0.832503052248
579, 963, 0.675932891765
580, 961, 0.958206477765
580, 962, 0.827013646714
580, 963, 0.899384153348
581, 961, 0.424826065885
581, 962, 0.656531577532
581, 963, 0.972775309343
582, 961, 0.0632577675287
582, 962, 0.389480174529
582, 963, 0.360891711495
583, 961, 0.65809730181
583, 962, 0.188752294817
583, 963, 0.951140895581
584, 961, 0.649760637337
584, 962, 0.958125001794
584, 963, 0.817756723466
585, 961, 0.0342808204166
585, 962, 0.338033242775
585, 963, 0.724064498795
586, 961, 0.74842791872
586, 962, 0.764566698966
586, 963, 0.908653951813
587, 961, 0.118574672214
587, 962, 0.634080890617
587, 963, 0.0754806087701
588, 961, 0.0216919138806
588, 962, 0.526786254033
588, 963, 0.51339649714
589, 961, 0.349706891113
589, 962, 0.982252772579
589, 963, 0.491183084781
590, 961, 0.637767707463
590, 962, 0.847236472638
590, 963, 0.28387519783
591, 961, 0.367359779973
591, 962, 0.214121722636
591, 963, 0.924041414664
592, 961, 0.935437702044
592, 962, 0.437416044011
592, 963, 0.546973055168
593, 961, 0.316895560817
593, 962, 0.501186649472
593, 963, 0.111665505601
594, 961, 0.823908265089
594, 962, 0.758360812342
594, 963, 0.102860298306
595, 961, 0.916211545906
595, 962, 0.27407025838
595, 963, 0.606830705206
596, 961, 0.247102088815
596, 962, 0.403465940343
596, 963, 0.449998044458
597, 961, 0.51461274255
597, 962, 0.149991377584
597, 963, 0.983657982311
598, 961, 0.776360457119
598, 962, 0.261086058746
598, 963, 0.15575468601
599, 961, 0.722634497876
599, 962, 0.260181963277
599, 963, 0.0329129690965
600, 961, 0.691513883422
600, 962, 0.731993174068
600, 963, 0.810621594493
601, 961, 0.864905082526
601, 962, 0.120230633897
601, 963, 0.381509874842
602, 961, 0.668590882642
602, 962, 0.846589917958
602, 963, 0.914645892376
603, 961, 0.484124162838
603, 962, 0.960570751271
603, 963, 0.443955040895
604, 961, 0.750947830882
604, 962, 0.856202409798
604, 963, 0.213730786781
605, 961, 0.0873798740914
605, 962, 0.694166699564
605, 963, 0.516394749888
606, 961, 0.402742545281
606, 962, 0.167573942479
606, 963, 0.635906183246
607, 961, 0.527437484914
607, 962, 0.513085394005
607, 963, 0.451641130447
608, 961, 0.609445950332
608, 962, 0.268328302349
608, 963, 0.394970467748
609, 961, 0.867867434217
609, 962, 0.974229629113
609, 963, 0.18637136247
610, 961, 0.495336849531
610, 962, 0.435413682626
610, 963, 0.548468527067
611, 961, 0.611924483769
611, 962, 0.419717328659
611, 963, 0.513534059138
612, 961, 0.623194400292
612, 962, 0.917190750585
612, 963, 0.129081120743
613, 961, 0.802291169426
613, 962, 0.949031981282
613, 963, 0.118273041803
614, 961, 0.955915095386
614, 962, 0.551709891241
614, 963, 0.58804369329
615, 961, 0.711354475396
615, 962, 0.189519032417
615, 963, 0.596142004854
616, 961, 0.0903223930971
616, 962, 0.0139782549586
616, 963, 0.0796236046285
617, 961, 0.399209797687
617, 962, 0.0141413776535
617, 963, 0.421924806112
618, 961, 0.789759626804
618, 962, 0.851089985993
618, 963, 0.187233211873
619, 961, 0.464474610453
619, 962, 0.373239965623
619, 963, 0.975813324476
620, 961, 0.519821040106
620, 962, 0.392279143079
620, 963, 0.870954467753
621, 961, 0.575357850959
621, 962, 0.0557680369652
621, 963, 0.937988124974
622, 961, 0.496139151713
622, 962, 0.625318468978
622, 963, 0.729372634896
623, 961, 0.925821978743
623, 962, 0.0545389413889
623, 963, 0.341653958813
624, 961, 0.0155435407246
624, 962, 0.15842218362
624, 963, 0.515972460077
625, 961, 0.149931687432
625, 962, 0.014294945873
625, 963, 0.0027649084786
626, 961, 0.942428762879
626, 962, 0.637171379127
626, 963, 0.00565058003482
627, 961, 0.733292266699
627, 962, 0.938410804331
627, 963, 0.878269450441
628, 961, 0.110970088302
628, 962, 0.631617020811
628, 963, 0.0286923752136
629, 961, 0.821747381691
629, 962, 0.779392059851
629, 963, 0.771625475869
630, 961, 0.503576997234
630, 962, 0.0283611784942
630, 963, 0.991189907091
631, 961, 0.608643232787
631, 962, 0.167174453817
631, 963, 0.917630352963
632, 961, 0.994011789915
632, 962, 0.682998491059
632, 963, 0.618257153234
633, 961, 0.947355682365
633, 962, 0.969429254438
633, 963, 0.800900963179
634, 961, 0.20802050813
634, 962, 0.779951092149
634, 963, 0.0413711949636
635, 961, 0.0760801720755
635, 962, 0.537467726754
635, 963, 0.309839128534
636, 961, 0.710804599404
636, 962, 0.416598002047
636, 963, 0.986153027107
637, 961, 0.0285095580942
637, 962, 0.687963371068
637, 963, 0.437448746394
638, 961, 0.0527164260538
638, 962, 0.631512010061
638, 963, 0.203294292386
639, 961, 0.225113353954
639, 962, 0.79878703135
639, 963, 0.270851921934
640, 961, 0.653825970661
640, 962, 0.606971764352
640, 963, 0.44513791843
641, 961, 0.579602441221
641, 962, 0.814156874313
641, 963, 0.290596202855
642, 961, 0.302824497971
642, 962, 0.113658516893
642, 963, 0.448757476949
643, 961, 0.264006649796
643, 962, 0.652904508048
643, 963, 0.669020641493
644, 961, 0.370476680144
644, 962, 0.715022404038
644, 963, 0.239748994896
645, 961, 0.875180380885
645, 962, 0.825895799337
645, 963, 0.922833935979
646, 961, 0.718302430655
646, 962, 0.176939375418
646, 963, 0.178382594472
647, 961, 0.551377634603
647, 962, 0.952146037452
647, 963, 0.155019687926
648, 961, 0.906378944452
648, 962, 0.059612774466
648, 963, 0.578624710265
649, 961, 0.847512867877
649, 962, 0.639778094048
649, 963, 0.514636165997
650, 961, 0.867562714844
650, 962, 0.0594330878567
650, 963, 0.943934225273
651, 961, 0.83029806349
651, 962, 0.187105396351
651, 963, 0.37614297087
652, 961, 0.231213112401
652, 962, 0.729340934492
652, 963, 0.340060245603
653, 961, 0.704233517817
653, 962, 0.735579129644
653, 963, 0.467001342978
654, 961, 0.487880935347
654, 962, 0.767509039296
654, 963, 0.921816892961
655, 961, 0.791934402683
655, 962, 0.956036653825
655, 963, 0.84622997847
656, 961, 0.0908123965008
656, 962, 0.0974514951054
656, 963, 0.554531546801
657, 961, 0.801755369521
657, 962, 0.57216306105
657, 963, 0.746834707769
658, 961, 0.93088792047
658, 962, 0.83009152843
658, 963, 0.887712945433
659, 961, 0.668805516807
659, 962, 0.129394159795
659, 963, 0.708446756878
660, 961, 0.292731659623
660, 962, 0.199745314109
660, 963, 0.144839982729
661, 961, 0.165560113064
661, 962, 0.115869898402
661, 963, 0.0519869462122
662, 961, 0.137050190423
662, 962, 0.431222729829
662, 963, 0.379392959227
663, 961, 0.866003878833
663, 962, 0.368764276625
663, 963, 0.0942200889508
664, 961, 0.208305612471
664, 962, 0.0596510041913
664, 963, 0.0154152657246
665, 961, 0.804444418103
665, 962, 0.379949327928
665, 963, 0.461494165927
666, 961, 0.484678572758
666, 962, 0.00679623364693
666, 963, 0.538958982987
667, 961, 0.742367441038
667, 962, 0.715620840665
667, 963, 0.0836385577416
668, 961, 0.075375492891
668, 962, 0.915911991446
668, 963, 0.358457597346
669, 961, 0.491184011492
669, 962, 0.962504906894
669, 963, 0.0565786388189
670, 961, 0.790120465671
670, 962, 0.37754416487
670, 963, 0.0780829380533
671, 961, 0.0178022394124
671, 962, 0.0807365034242
671, 963, 0.124246372434
672, 961, 0.800203254385
672, 962, 0.00992119945153
672, 963, 0.50676227514
673, 961, 0.257011715257
673, 962, 0.966062727484
673, 963, 0.729787774733
674, 961, 0.656923634028
674, 962, 0.468703377931
674, 963, 0.929615226738
675, 961, 0.550598271013
675, 962, 0.301038203172
675, 963, 0.600296379229
676, 961, 0.763033430592
676, 962, 0.0647602453859
676, 963, 0.0611703791091
677, 961, 0.289246562644
677, 962, 0.651543002595
677, 963, 0.516934112884
678, 961, 0.585727920033
678, 962, 0.853564291221
678, 963, 0.902000001655
679, 961, 0.840766908741
679, 962, 0.994094988203
679, 963, 0.0239250188874
680, 961, 0.379198870913
680, 962, 0.237124818695
680, 963, 0.78571408288
681, 961, 0.195040522921
681, 962, 0.292661327569
681, 963, 0.46163419003
682, 961, 0.633816755518
682, 962, 0.73495555807
682, 963, 0.567529792228
683, 961, 0.776634473081
683, 962, 0.153432876572
683, 963, 0.530827879451
684, 961, 0.00465685223562
684, 962, 0.375511836751
684, 963, 0.5906693877
685, 961, 0.182017237282
685, 962, 0.241840447498
685, 963, 0.881239935081
686, 961, 0.337210862475
686, 962, 0.902320070733
686, 963, 0.571373896758
687, 961, 0.901129464574
687, 962, 0.0272503219274
687, 963, 0.114507986272
688, 961, 0.251594562643
688, 962, 0.0667620267609
688, 963, 0.182503783166
689, 961, 0.992421075997
689, 962, 0.729572294642
689, 963, 0.800073028769
690, 961, 0.812166818231
690, 962, 0.797586034099
690, 963, 0.874073811905
691, 961, 0.381563958224
691, 962, 0.0241536650128
691, 963, 0.0655602116963
692, 961, 0.672337682496
692, 962, 0.613498447791
692, 963, 0.895941971252
693, 961, 0.771851456121
693, 962, 0.186363350498
693, 963, 0.541321721894
694, 961, 0.687467687555
694, 962, 0.192686657974
694, 963, 0.164007659833
695, 961, 0.764487899265
695, 962, 0.747048409904
695, 963, 0.909319757064
696, 961, 0.839356847207
696, 962, 0.310855627506
696, 963, 0.668245674925
697, 961, 0.0554542261289
697, 962, 0.30733105416
697, 963, 0.608266793364
698, 961, 0.397776646873
698, 962, 0.819263460175
698, 963, 0.816172661953
699, 961, 0.139709154766
699, 962, 0.295099026146
699, 963, 0.0305534045275
700, 961, 0.645806554407
700, 962, 0.131970457902
700, 963, 0.19376694144
701, 961, 0.295830479246
701, 962, 0.971049339972
701, 963, 0.416770835934
702, 961, 0.047611293854
702, 962, 0.592406679821
702, 963, 0.202101997548
703, 961, 0.443668578788
703, 962, 0.502501310986
703, 963, 0.956249127306
704, 961, 0.356582971923
704, 962, 0.853299346774
704, 963, 0.447792266207
705, 961, 0.918365562496
705, 962, 0.184991228798
705, 963, 0.36126749153
706, 961, 0.908463838934
706, 962, 0.210635153353
706, 963, 0.550721498326
707, 961, 0.298870168424
707, 962, 0.250858112624
707, 963, 0.16141401493
708, 961, 0.913046553672
708, 962, 0.746398540058
708, 963, 0.617401780836
709, 961, 0.480724438935
709, 962, 0.22421111703
709, 963, 0.926772418637
710, 961, 0.112318030539
710, 962, 0.92958372245
710, 963, 0.425845372834
711, 961, 0.927824404272
711, 962, 0.671076264214
711, 963, 0.378617122559
712, 961, 0.33915529322
712, 962, 0.625921007264
712, 963, 0.871283334526
713, 961, 0.879310930368
713, 962, 0.717580904114
713, 963, 0.0951580552692
714, 961, 0.900115033527
714, 962, 0.743708267479
714, 963, 0.441094417253
715, 961, 0.892922420396
715, 962, 0.14051868468
715, 963, 0.765686668639
716, 961, 0.136140348616
716, 962, 0.482603286182
716, 963, 0.304422587983
717, 961, 0.224666650289
717, 962, 0.124620013587
717, 963, 0.890796988462
718, 961, 0.959381993468
718, 962, 0.32566695935
718, 963, 0.320146888842
719, 961, 0.246028381742
719, 962, 0.713248435397
719, 963, 0.82781499706
720, 961, 0.0234874465453
720, 962, 0.405540614815
720, 963, 0.243460814177
721, 961, 0.536239093197
721, 962, 0.98940246524
721, 963, 0.0247333718674
722, 961, 0.865566148021
722, 962, 0.725580659445
722, 963, 0.654112484896
723, 961, 0.457993823023
723, 962, 0.656594422024
723, 963, 0.229315146608
724, 961, 0.48384376052
724, 962, 0.617276590029
724, 963, 0.813491113748
725, 961, 0.666795453487
725, 962, 0.364459385016
725, 963, 0.732119074611
726, 961, 0.172089567427
726, 962, 0.575363343008
726, 963, 0.606364406352
727, 961, 0.652348854947
727, 962, 0.233992781893
727, 963, 0.179352205023
728, 961, 0.786552385489
728, 962, 0.0813691954895
728, 963, 0.75443543299
729, 961, 0.110347346536
729, 962, 0.998088748526
729, 963, 0.0516031144664
730, 961, 0.533089548254
730, 962, 0.858903404707
730, 963, 0.636384772867
731, 961, 0.113821370257
731, 962, 0.84474040206
731, 963, 0.380690997885
732, 961, 0.816568461435
732, 962, 0.4796894725
732, 963, 0.0323707252677
733, 961, 0.888286849655
733, 962, 0.225594938989
733, 963, 0.411438924086
734, 961, 0.429130869702
734, 962, 0.125229454226
734, 963, 0.773811442613
735, 961, 0.318196928984
735, 962, 0.667695702645
735, 963, 0.850170412257
736, 961, 0.191810895336
736, 962, 0.334574163378
736, 963, 0.260844159974
737, 961, 0.757876183751
737, 962, 0.0245287783747
737, 963, 0.982920245192
738, 961, 0.258510427839
738, 962, 0.908353860408
738, 963, 0.971075417812
739, 961, 0.585580357566
739, 962, 0.317592074366
739, 963, 0.276666391656
740, 961, 0.0583332521203
740, 962, 0.100498421108
740, 963, 0.295099789894
741, 961, 0.458485035407
741, 962, 0.333288880718
741, 963, 0.445447311542
742, 961, 0.589731890061
742, 962, 0.0379623582896
742, 963, 0.124672644498
743, 961, 0.0366561075894
743, 962, 0.888497349899
743, 963, 0.44502783859
744, 961, 0.901578391277
744, 962, 0.252230796494
744, 963, 0.222429454556
745, 961, 0.985116666302
745, 962, 0.858245802321
745, 963, 0.462485350445
746, 961, 0.0439617248743
746, 962, 0.261250925509
746, 963, 0.471852792001
747, 961, 0.0747039185715
747, 962, 0.76742796758
747, 963, 0.247203808261
748, 961, 0.69249558902
748, 962, 0.136376508747
748, 963, 0.744019409405
749, 961, 0.990037685228
749, 962, 0.9516359762
749, 963, 0.864601757972
750, 961, 0.305747638135
750, 962, 0.706359375858
750, 963, 0.252948091291
751, 961, 0.440405968671
751, 962, 0.923540673895
751, 963, 0.0238539650542
752, 961, 0.257394912691
752, 962, 0.891434640875
752, 963, 0.908140826805
753, 961, 0.165962664592
753, 962, 0.352668282538
753, 963, 0.491475034987
754, 961, 0.228680834184
754, 962, 0.935523546992
754, 963, 0.708781347388
755, 961, 0.263715796925
755, 962, 0.201243626863
755, 963, 0.378114039569
756, 961, 0.777204479341
756, 962, 0.943027860631
756, 963, 0.937421630522
757, 961, 0.24102446025
757, 962, 0.527063684004
757, 963, 0.107081070519
758, 961, 0.653539477819
758, 962, 0.422977773952
758, 963, 0.134750633198
759, 961, 0.313554915005
759, 962, 0.351924052409
759, 963, 0.309091350154
760, 961, 0.647749848441
760, 962, 0.901718044377
760, 963, 0.774478739155
761, 961, 0.595363418878
761, 962, 0.971634440435
761, 963, 0.79086127864
762, 961, 0.284885175548
762, 962, 0.256936926989
762, 963, 0.585642868137
763, 961, 0.312943968088
763, 962, 0.655909272202
763, 963, 0.33330743659
764, 961, 0.816731726447
764, 962, 0.670033470511
764, 963, 0.206049229274
765, 961, 0.278978814904
765, 962, 0.223686046318
765, 963, 0.861318670968
766, 961, 0.382981961153
766, 962, 0.478858672287
766, 963, 0.662995628776
767, 961, 0.649274480761
767, 962, 0.815552428023
767, 963, 0.00182590051738
768, 961, 0.796320638841
768, 962, 0.392492115888
768, 963, 0.0114980957116
769, 961, 0.336319216433
769, 962, 0.510333205619
769, 963, 0.917456654996
770, 961, 0.675616116141
770, 962, 0.863578254572
770, 963, 0.199399019459
771, 961, 0.634957764102
771, 962, 0.328039947472
771, 963, 0.116071892997
772, 961, 0.800499140089
772, 962, 0.300015508583
772, 963, 0.749822832513
773, 961, 0.354101789401
773, 962, 0.12338611959
773, 963, 0.991152584784
774, 961, 0.787392017783
774, 962, 0.21297604474
774, 963, 0.871118944732
775, 961, 0.988095187764
775, 962, 0.973193962986
775, 963, 0.6823775508
776, 961, 0.331582378164
776, 962, 0.207636422945
776, 963, 0.376978352272
777, 961, 0.408381918044
777, 962, 0.368051144355
777, 963, 0.949029130718
778, 961, 0.123745203657
778, 962, 0.905090532847
778, 963, 0.717033912678
779, 961, 0.118083115349
779, 962, 0.10522060499
779, 963, 0.428360233544
780, 961, 0.808247336197
780, 962, 0.0404405808688
780, 963, 0.168997499948
781, 961, 0.939059912027
781, 962, 0.102177398621
781, 963, 0.602108752773
782, 961, 0.896732021862
782, 962, 0.769961654142
782, 963, 0.0512388635585
783, 961, 0.795449784742
783, 962, 0.931576931085
783, 963, 0.378907455634
784, 961, 0.89356291496
784, 962, 0.445808340077
784, 963, 0.318444764747
785, 961, 0.624812534946
785, 962, 0.333316708645
785, 963, 0.0146572971237
786, 961, 0.454352387691
786, 962, 0.22153247572
786, 963, 0.0412670617448
787, 961, 0.00519522496869
787, 962, 0.991952465241
787, 963, 0.476328852608
788, 961, 0.661345348072
788, 962, 0.150963441009
788, 963, 0.571077404882
789, 961, 0.225688873242
789, 962, 0.687973907819
789, 963, 0.874988679008
790, 961, 0.104883724851
790, 962, 0.0210001505863
790, 963, 0.537082292813
791, 961, 0.881872568682
791, 962, 0.631885618401
791, 963, 0.346140257587
792, 961, 0.327019513643
792, 962, 0.7887403032
792, 963, 0.366633523138
793, 961, 0.69134407422
793, 962, 0.0869030957527
793, 963, 0.725885738478
794, 961, 0.285900116204
794, 962, 0.551711205878
794, 963, 0.428494737718
795, 961, 0.679173226917
795, 962, 0.717347095177
795, 963, 0.0444820476595
796, 961, 0.426781591398
796, 962, 0.998743457578
796, 963, 0.187916414142
797, 961, 0.848466768441
797, 962, 0.902236206409
797, 963, 0.35278627305
798, 961, 0.525939488661
798, 962, 0.898768649269
798, 963, 0.425940433694
799, 961, 0.178784353516
799, 962, 0.204964429494
799, 963, 0.508257866633
800, 961, 0.422645473233
800, 962, 0.296812388298
800, 963, 0.658417773421
801, 961, 0.840736042847
801, 962, 0.981482205605
801, 963, 0.013779884662
802, 961, 0.943971744492
802, 962, 0.937445490882
802, 963, 0.70850731494
803, 961, 0.245004000079
803, 962, 0.86946522287
803, 963, 0.490419705676
804, 961, 0.49600873893
804, 962, 0.287290327707
804, 963, 0.722975089224
805, 961, 0.939161192453
805, 962, 0.215689668796
805, 963, 0.264351918143
806, 961, 0.475677604958
806, 962, 0.442459093254
806, 963, 0.261833073383
807, 961, 0.509263357229
807, 962, 0.0948792255445
807, 963, 0.896826093989
808, 961, 0.812274356178
808, 962, 0.315718429362
808, 963, 0.440527372592
809, 961, 0.817306083328
809, 962, 0.922563274812
809, 963, 0.0872690839446
810, 961, 0.0131822682639
810, 962, 0.669071476528
810, 963, 0.587122020252
811, 961, 0.354821157662
811, 962, 0.150623605352
811, 963, 0.731780170065
812, 961, 0.897638043039
812, 962, 0.764660013556
812, 963, 0.374672829911
813, 961, 0.890973377095
813, 962, 0.951998713801
813, 963, 0.962754262716
814, 961, 0.924716839131
814, 962, 0.764640896064
814, 963, 0.119479117257
815, 961, 0.258793172182
815, 962, 0.486294304967
815, 963, 0.967015454376
816, 961, 0.807575489158
816, 962, 0.514882046801
816, 963, 0.281247622713
817, 961, 0.0432957101134
817, 962, 0.00996993635121
817, 963, 0.273983001848
818, 961, 0.443753033635
818, 962, 0.674922253568
818, 963, 0.361917071442
819, 961, 0.282716096833
819, 962, 0.0195410644845
819, 963, 0.929956107084
820, 961, 0.788501216194
820, 962, 0.0740071931415
820, 963, 0.985633655005
821, 961, 0.820557435458
821, 962, 0.478827763125
821, 963, 0.764553270515
822, 961, 0.351492137562
822, 962, 0.386832644
822, 963, 0.113002736086
823, 961, 0.763661485478
823, 962, 0.541506843236
823, 963, 0.298562049975
824, 961, 0.469530313903
824, 962, 0.87187054376
824, 963, 0.564445891661
825, 961, 0.441318072065
825, 962, 0.191260480098
825, 963, 0.157785104421
826, 961, 0.200456303501
826, 962, 0.630352211739
826, 963, 0.830080799904
827, 961, 0.131279180951
827, 962, 0.055974204054
827, 963, 0.823293182043
828, 961, 0.0274947492952
828, 962, 0.526479552625
828, 963, 0.841318623142
829, 961, 0.882462900317
829, 962, 0.900796550871
829, 963, 0.819050333349
830, 961, 0.823201447482
830, 962, 0.857854474427
830, 963, 0.591632805538
831, 961, 0.945361716254
831, 962, 0.65770367651
831, 963, 0.141040116788
832, 961, 0.489959307664
832, 962, 0.133728781739
832, 963, 0.70832871712
833, 961, 0.697476670662
833, 962, 0.159522787744
833, 963, 0.591388593879
834, 961, 0.50784490954
834, 962, 0.0141076542546
834, 963, 0.993184183974
835, 961, 0.777591355426
835, 962, 0.463178372807
835, 963, 0.621583514229
836, 961, 0.4700071199
836, 962, 0.777254237404
836, 963, 0.977240782185
837, 961, 0.426734554181
837, 962, 0.516503003237
837, 963, 0.334376005164
838, 961, 0.486678783545
838, 962, 0.302767940599
838, 963, 0.676810623255
839, 961, 0.205371052942
839, 962, 0.612674531172
839, 963, 0.432643340893
840, 961, 0.635347763055
840, 962, 0.767418003355
840, 963, 0.517531808416
841, 961, 0.700735050942
841, 962, 0.971701811714
841, 963, 0.416041710129
842, 961, 0.936954341465
842, 962, 0.944336014652
842, 963, 0.238062483876
843, 961, 0.932730455927
843, 962, 0.104832054907
843, 963, 0.71129424911
844, 961, 0.440609001988
844, 962, 0.951344970015
844, 963, 0.860716128956
845, 961, 0.342602605993
845, 962, 0.252242556004
845, 963, 0.535015776578
846, 961, 0.421584056122
846, 962, 0.921941965711
846, 963, 0.162799191097
847, 961, 0.678537135097
847, 962, 0.409916707916
847, 963, 0.572345777324
848, 961, 0.348689199241
848, 962, 0.221361442721
848, 963, 0.732158459252
849, 961, 0.169782628264
849, 962, 0.334121117623
849, 963, 0.598320482863
850, 961, 0.545633562538
850, 962, 0.9169520018
850, 963, 0.703158006894
851, 961, 0.980294017285
851, 962, 0.972933249502
851, 963, 0.747596037813
852, 961, 0.0779291759039
852, 962, 0.101736818298
852, 963, 0.767711628554
853, 961, 0.538825659176
853, 962, 0.863927778921
853, 963, 0.243667992305
854, 961, 0.455894514639
854, 962, 0.6182566811
854, 963, 0.886091670517
855, 961, 0.562266229698
855, 962, 0.727854746398
855, 963, 0.373126115463
856, 961, 0.185726195805
856, 962, 0.930900109997
856, 963, 0.910141889664
857, 961, 0.921386109489
857, 962, 0.419605302866
857, 963, 0.574506350494
858, 961, 0.215384857977
858, 962, 0.809163120428
858, 963, 0.263079571949
859, 961, 0.758859661952
859, 962, 0.00814417835248
859, 963, 0.276351617586
860, 961, 0.985982888718
860, 962, 0.905155296141
860, 963, 0.295231105657
861, 961, 0.921236244847
861, 962, 0.325470306315
861, 963, 0.328739204524
862, 961, 0.220587493894
862, 962, 0.090646989365
862, 963, 0.874202869067
863, 961, 0.851992020466
863, 962, 0.777654929531
863, 963, 0.876664045232
864, 961, 0.786866638331
864, 962, 0.634202060728
864, 963, 0.517781730185
865, 961, 0.135519702952
865, 962, 0.246893295444
865, 963, 0.588895726883
866, 961, 0.217367811478
866, 962, 0.991516305877
866, 963, 0.808942303901
867, 961, 0.884005017679
867, 962, 0.110966183881
867, 963, 0.932374720516
868, 961, 0.507863797275
868, 962, 0.274478419403
868, 963, 0.234197969356
869, 961, 0.288167236853
869, 962, 0.0884147145625
869, 963, 0.53813603171
870, 961, 0.188064867754
870, 962, 0.2512434702
870, 963, 0.0635191540616
871, 961, 0.0875431528074
871, 962, 0.79895220218
871, 963, 0.181496930515
872, 961, 0.942187089878
872, 962, 0.897241844031
872, 963, 0.793288133865
873, 961, 0.0600029373838
873, 962, 0.91568165009
873, 963, 0.244415302319
874, 961, 0.0794301770127
874, 962, 0.279968489186
874, 963, 0.962314615592
875, 961, 0.0806963901124
875, 962, 0.249547201834
875, 963, 0.0860555823225
876, 961, 0.945152784484
876, 962, 0.343521684528
876, 963, 0.717840919021
877, 961, 0.940080262675
877, 962, 0.985676006301
877, 963, 0.373448099843
878, 961, 0.374342517872
878, 962, 0.988078532685
878, 963, 0.0625379358692
879, 961, 0.0965874075428
879, 962, 0.836827461212
879, 963, 0.687363794659
880, 961, 0.563352770181
880, 962, 0.682441302737
880, 963, 0.361179924747
881, 961, 0.00532690143024
881, 962, 0.506944550658
881, 963, 0.583885854887
882, 961, 0.730767409229
882, 962, 0.797980873217
882, 963, 0.700560432633
883, 961, 0.882226385991
883, 962, 0.101725812354
883, 963, 0.878173777887
884, 961, 0.429907928018
884, 962, 0.985765724429
884, 963, 0.915515888187
885, 961, 0.31923819014
885, 962, 0.390952206773
885, 963, 0.940678854593
886, 961, 0.145891646606
886, 962, 0.214169995739
886, 963, 0.480745762655
887, 961, 0.955620783857
887, 962, 0.731141995067
887, 963, 0.811056531131
888, 961, 0.792672621999
888, 962, 0.632444051925
888, 963, 0.401400616879
889, 961, 0.997758237575
889, 962, 0.808046854996
889, 963, 0.611877739402
890, 961, 0.385409139473
890, 962, 0.630122614971
890, 963, 0.869077164115
891, 961, 0.200252523355
891, 962, 0.33211000212
891, 963, 0.718969403057
892, 961, 0.143852179404
892, 962, 0.193616312724
892, 963, 0.699281217161
893, 961, 0.108718188842
893, 962, 0.954358972634
893, 963, 0.380989494169
894, 961, 0.101917808081
894, 962, 0.718807600745
894, 963, 0.270536329599
895, 961, 0.502051364222
895, 962, 0.84221124419
895, 963, 0.620903571322
896, 961, 0.341978331476
896, 962, 0.724213263615
896, 963, 0.86279014701
897, 961, 0.0939856693019
897, 962, 0.564452830144
897, 963, 0.90044529747
898, 961, 0.92985280888
898, 962, 0.242996434042
898, 963, 0.530816396064
899, 961, 0.0367468809749
899, 962, 0.359423610922
899, 963, 0.240894218595
900, 961, 0.532014001113
900, 962, 0.206217977025
900, 963, 0.813843834849
901, 961, 0.607695550108
901, 962, 0.785066910543
901, 963, 0.422801222057
902, 961, 0.761404390687
902, 962, 0.129474340981
902, 963, 0.991732242244
903, 961, 0.349775602428
903, 962, 0.465931383723
903, 963, 0.544614703415
904, 961, 0.604344072241
904, 962, 0.0479824036242
904, 963, 0.747045064531
905, 961, 0.396684170854
905, 962, 0.201543687282
905, 963, 0.432561380532
906, 961, 0.76805354943
906, 962, 0.77726537514
906, 963, 0.971351195201
907, 961, 0.442005824055
907, 962, 0.745985903905
907, 963, 0.0658983274062
908, 961, 0.368351644707
908, 962, 0.810433161559
908, 963, 0.315636866659
909, 961, 0.816649274025
909, 962, 0.217160627848
909, 963, 0.0283367083058
910, 961, 0.992425039463
910, 962, 0.886692228582
910, 963, 0.683379722067
911, 961, 0.959658105383
911, 962, 0.0358751149718
911, 963, 0.552174329865
912, 961, 0.352479442058
912, 962, 0.160960665213
912, 963, 0.616816391665
913, 961, 0.527375210894
913, 962, 0.546063784165
913, 963, 0.496600365573
914, 961, 0.916030778637
914, 962, 0.220338756876
914, 963, 0.525717815602
915, 961, 0.224011056665
915, 962, 0.0925247322475
915, 963, 0.62165685632
916, 961, 0.725878445186
916, 962, 0.715082961645
916, 963, 0.781945662965
917, 961, 0.808040816585
917, 962, 0.919083465531
917, 963, 0.695831857699
918, 961, 0.138640495429
918, 962, 0.403878165186
918, 963, 0.233276022525
919, 961, 0.498982942193
919, 962, 0.597552941564
919, 963, 0.556480464698
920, 961, 0.290858849595
920, 962, 0.921527106897
920, 963, 0.679132224729
921, 961, 0.0196515200422
921, 962, 0.877004528858
921, 963, 0.50995614747
922, 961, 0.434923571174
922, 962, 0.366463836238
922, 963, 0.656906840324
923, 961, 0.538591507085
923, 962, 0.503434927101
923, 963, 0.761349843791
924, 961, 0.287922444905
924, 962, 0.795517947164
924, 963, 0.298362235826
925, 961, 0.73126651465
925, 962, 0.963793767467
925, 963, 0.280918940385
926, 961, 0.967992949657
926, 962, 0.398617321002
926, 963, 0.0765686595583
927, 961, 0.676799302733
927, 962, 0.37893161953
927, 963, 0.0936945703065
928, 961, 0.829149425755
928, 962, 0.226122506942
928, 963, 0.526577880681
929, 961, 0.695996538152
929, 962, 0.464136133688
929, 963, 0.222864467718
930, 961, 0.56831801672
930, 962, 0.0920333703967
930, 963, 0.193733350262
931, 961, 0.0121795062764
931, 962, 0.699238819243
931, 963, 0.662534826188
932, 961, 0.138039541433
932, 962, 0.746499328197
932, 963, 0.69479088714
933, 961, 0.613379952909
933, 962, 0.371393499405
933, 963, 0.817292022268
934, 961, 0.428937871331
934, 962, 0.712260576527
934, 963, 0.147078708498
935, 961, 0.499727352345
935, 962, 0.629054897614
935, 963, 0.796128263902
936, 961, 0.0588046940797
936, 962, 0.519663111675
936, 963, 0.243455972048
937, 961, 0.632927714361
937, 962, 0.384180289762
937, 963, 0.773966296658
938, 961, 0.660232721277
938, 962, 0.624810587923
938, 963, 0.708164019515
939, 961, 0.795315434593
939, 962, 0.564499368614
939, 963, 0.554553463566
940, 961, 0.545338508422
940, 962, 0.632970491721
940, 963, 0.917274388473
941, 961, 0.0203255934315
941, 962, 0.771451477148
941, 963, 0.458764298598
942, 961, 0.984702688505
942, 962, 0.792364543174
942, 963, 0.0644112341247
943, 961, 0.439814308501
943, 962, 0.202415239632
943, 963, 0.95535100873
944, 961, 0.909553414832
944, 962, 0.401381502069
944, 963, 0.708880557532
945, 961, 0.39614015894
945, 962, 0.456085545575
945, 963, 0.714885759094
946, 961, 0.80363417238
946, 962, 0.524894038132
946, 963, 0.0424733675695
947, 961, 0.952134168949
947, 962, 0.184331071102
947, 963, 0.103692211437
948, 961, 0.037282450683
948, 962, 0.304420437947
948, 963, 0.591281693311
949, 961, 0.487837191364
949, 962, 0.00388904742011
949, 963, 0.83922229651
950, 961, 0.31809867561
950, 962, 0.816240684162
950, 963, 0.954172237279
951, 961, 0.656694014527
951, 962, 0.826585667218
951, 963, 0.592223572348
952, 961, 0.680376841693
952, 962, 0.00840388767334
952, 963, 0.987452324116
953, 961, 0.439594974446
953, 962, 0.728685883287
953, 963, 0.74470298666
954, 961, 0.2874341758
954, 962, 0.468078087586
954, 963, 0.395073477601
955, 961, 0.0703491910854
955, 962, 0.385541495944
955, 963, 0.352844895927
956, 961, 0.230306905413
956, 962, 0.77138134481
956, 963, 0.524200133718
957, 961, 0.337406811509
957, 962, 0.873712046725
957, 963, 0.0453453151939
958, 961, 0.742166463514
958, 962, 0.880397613121
958, 963, 0.400743946357
959, 961, 0.786211833632
959, 962, 0.990941319924
959, 963, 0.174812480631
960, 961, 0.467086575062
960, 962, 0.222539010958
960, 963, 0.593038176551
