0, 961, 0.335034663245
0, 962, 0.772420755715
0, 963, 0.948616042138
1, 961, 0.485976188449
1, 962, 0.201754308224
1, 963, 0.0790175301545
2, 961, 0.980728991413
2, 962, 0.558694840577
2, 963, 0.579398773785
3, 961, 0.241346207796
3, 962, 0.630453304357
3, 963, 0.80838659943
4, 961, 0.234381139305
4, 962, 0.574553094593
4, 963, 0.785103221483
5, 961, 0.592889067646
5, 962, 0.516592968836
5, 963, 0.858071686635
6, 961, 0.324838141617
6, 962, 0.426710084231
6, 963, 0.0702848520979
7, 961, 0.523852484348
7, 962, 0.723058671217
7, 963, 0.698123299623
8, 961, 0.873369162578
8, 962, 0.670436300449
8, 963, 0.835008391562
9, 961, 0.62772787237
9, 962, 0.776527953786
9, 963, 0.597990973683
10, 961, 0.117911435652
10, 962, 0.703671777135
10, 963, 0.905485658596
11, 961, 0.277261789279
11, 962, 0.14409891122
11, 963, 0.744428524218
12, 961, 0.0800489379765
12, 962, 0.719916549212
12, 963, 0.743563357116
13, 961, 0.469446362592
13, 962, 0.207441823072
13, 963, 0.860538361102
14, 961, 0.226504677083
14, 962, 0.5807470574
14, 963, 0.16587499507
15, 961, 0.0556397229154
15, 962, 0.17962757762
15, 963, 0.178722913057
16, 961, 0.272390381859
16, 962, 0.958941433191
16, 963, 0.279368637092
17, 961, 0.0608337183475
17, 962, 0.451121015721
17, 963, 0.350169502355
18, 961, 0.373359281099
18, 962, 0.903359828435
18, 963, 0.580059294702
19, 961, 0.690974036671
19, 962, 0.38718624415
19, 963, 0.348675818458
20, 961, 0.672335280662
20, 962, 0.402948193982
20, 963, 0.453313768261
21, 961, 0.08191354067
21, 962, 0.601099253926
21, 963, 0.825433918222
22, 961, 0.204963013884
22, 962, 0.291571672379
22, 963, 0.419139456544
23, 961, 0.927679232866
23, 962, 0.129697146872
23, 963, 0.725934668752
24, 961, 0.61518315057
24, 962, 0.800173873659
24, 963, 0.571932713802
25, 961, 0.0880607613017
25, 962, 0.347350221324
25, 963, 0.450530400303
26, 961, 0.0829303041107
26, 962, 0.547719567925
26, 963, 0.475646072472
27, 961, 0.788614561735
27, 962, 0.254776391245
27, 963, 0.180692031538
28, 961, 0.179044471912
28, 962, 0.263646285663
28, 963, 0.828473485675
29, 961, 0.032104619862
29, 962, 0.665209948395
29, 963, 0.956626305616
30, 961, 0.173120944536
30, 962, 0.237472491771
30, 963, 0.432667807015
31, 961, 0.225914117031
31, 962, 0.755021859573
31, 963, 0.417950254522
32, 961, 0.735112743584
32, 962, 0.568211837708
32, 963, 0.565511887132
33, 961, 0.444317146714
33, 962, 0.290405041217
33, 963, 0.187199757998
34, 961, 0.738296672777
34, 962, 0.941321114627
34, 963, 0.440917663423
35, 961, 0.52495640651
35, 962, 0.630198324441
35, 963, 0.0898618325298
36, 961, 0.0630729643268
36, 962, 0.977331706656
36, 963, 0.282797319673
37, 961, 0.988655121706
37, 962, 0.834514329836
37, 963, 0.782778844116
38, 961, 0.603319707864
38, 962, 0.189684745748
38, 963, 0.24614742994
39, 961, 0.552027063615
39, 962, 0.522571814348
39, 963, 0.0567741065286
40, 961, 0.94830435937
40, 962, 0.199784382365
40, 963, 0.29780540293
41, 961, 0.183875551888
41, 962, 0.641899051539
41, 963, 0.343612060859
42, 961, 0.591722066427
42, 962, 0.371109960097
42, 963, 0.871009914373
43, 961, 0.450711902854
43, 962, 0.224579744761
43, 963, 0.107785754899
44, 961, 0.57700747396
44, 962, 0.541081406582
44, 963, 0.618226358523
45, 961, 0.171980351061
45, 962, 0.639453540024
45, 963, 0.904917743229
46, 961, 0.00749343226612
46, 962, 0.903552871107
46, 963, 0.374816804276
47, 961, 0.609276125986
47, 962, 0.611586133242
47, 963, 0.69434029227
48, 961, 0.995675105696
48, 962, 0.975909426177
48, 963, 0.890225123012
49, 961, 0.661470119223
49, 962, 0.829526274936
49, 963, 0.624211572828
50, 961, 0.548548306919
50, 962, 0.806533083742
50, 963, 0.701097205741
51, 961, 0.865076374718
51, 962, 0.608486070075
51, 963, 0.655849923765
52, 961, 0.525514869034
52, 962, 0.391572128656
52, 963, 0.22669524725
53, 961, 0.410559015115
53, 962, 0.829380277266
53, 963, 0.0280064433128
54, 961, 0.293433256821
54, 962, 0.617064900758
54, 963, 0.908680034973
55, 961, 0.0291599139303
55, 962, 0.164975336071
55, 963, 0.343999018902
56, 961, 0.806843506462
56, 962, 0.0748769120393
56, 963, 0.041495126005
57, 961, 0.597649195442
57, 962, 0.945646668634
57, 963, 0.0205660000912
58, 961, 0.791936602139
58, 962, 0.953505845657
58, 963, 0.881707390721
59, 961, 0.463401927241
59, 962, 0.165276642887
59, 963, 0.395784200551
60, 961, 0.908684027261
60, 962, 0.337535923299
60, 963, 0.682540875964
61, 961, 0.341715121005
61, 962, 0.54008295105
61, 963, 0.702122625033
62, 961, 0.962145385366
62, 962, 0.0957292619605
62, 963, 0.502993860297
63, 961, 0.545817088602
63, 962, 0.921225994005
63, 963, 0.695532267431
64, 961, 0.402235934749
64, 962, 0.720033919211
64, 963, 0.832260003066
65, 961, 0.144246011726
65, 962, 0.461917134558
65, 963, 0.645497176838
66, 961, 0.991889212405
66, 962, 0.773984286711
66, 963, 0.737760574953
67, 961, 0.281753192805
67, 962, 0.56772518533
67, 963, 0.211410763478
68, 961, 0.213115043561
68, 962, 0.29113343185
68, 963, 0.84336832213
69, 961, 0.140859903533
69, 962, 0.231856566159
69, 963, 0.234726892522
70, 961, 0.809604088441
70, 962, 0.307983286823
70, 963, 0.839897785986
71, 961, 0.447970985098
71, 962, 0.891798888223
71, 963, 0.655875546497
72, 961, 0.177609485736
72, 962, 0.144897690877
72, 963, 0.589787955472
73, 961, 0.250087707659
73, 962, 0.745484197195
73, 963, 0.798788073318
74, 961, 0.575820702521
74, 962, 0.363060244705
74, 963, 0.631621264902
75, 961, 0.116549004602
75, 962, 0.181618695368
75, 963, 0.174565160818
76, 961, 0.558485740231
76, 962, 0.876402745858
76, 963, 0.393757360176
77, 961, 0.629204954319
77, 962, 0.0742073674427
77, 963, 0.531718239671
78, 961, 0.491046118096
78, 962, 0.582024115057
78, 963, 0.19603303904
79, 961, 0.416977702501
79, 962, 0.219108213999
79, 963, 0.705269212468
80, 961, 0.866891005175
80, 962, 0.0706903273316
80, 963, 0.387478650194
81, 961, 0.721037763628
81, 962, 0.760336492265
81, 963, 0.407114740832
82, 961, 0.884119314799
82, 962, 0.675842066097
82, 963, 0.649795472851
83, 961, 0.763074224252
83, 962, 0.351879399723
83, 963, 0.880835581468
84, 961, 0.190119170506
84, 962, 0.717415568781
84, 963, 0.0461259102698
85, 961, 0.598086836724
85, 962, 0.28180402331
85, 963, 0.279758664749
86, 961, 0.131788949633
86, 962, 0.720971973972
86, 963, 0.350204598401
87, 961, 0.602074842638
87, 962, 0.953368899516
87, 963, 0.341064122681
88, 961, 0.422191571481
88, 962, 0.942236604201
88, 963, 0.173163347962
89, 961, 0.777691809072
89, 962, 0.956577452158
89, 963, 0.492454131817
90, 961, 0.538859819437
90, 962, 0.883934593023
90, 963, 0.287690680311
91, 961, 0.456792601248
91, 962, 0.779392975627
91, 963, 0.391839582992
92, 961, 0.953202216498
92, 962, 0.01834146488
92, 963, 0.582155320712
93, 961, 0.438181868592
93, 962, 0.805532970778
93, 963, 0.760590235186
94, 961, 0.846153232096
94, 962, 0.104391829812
94, 963, 0.413600334752
95, 961, 0.142905624255
95, 962, 0.912520609598
95, 963, 0.962116404724
96, 961, 0.607569623635
96, 962, 0.495577412863
96, 963, 0.886065737448
97, 961, 0.404633859187
97, 962, 0.213050630534
97, 963, 0.430041505641
98, 961, 0.315285020867
98, 962, 0.132557998865
98, 963, 0.953209178191
99, 961, 0.00205041502979
99, 962, 0.726566758674
99, 963, 0.955762466096
100, 961, 0.859528395953
100, 962, 0.602385900716
100, 963, 0.862891085122
101, 961, 0.434014129196
101, 962, 0.983297787906
101, 963, 0.502930227152
102, 961, 0.344434550818
102, 962, 0.473203820017
102, 963, 0.146920167035
103, 961, 0.102765374277
103, 962, 0.695814584914
103, 963, 0.0740553942596
104, 961, 0.690264381156
104, 962, 0.956870304197
104, 963, 0.801774197148
105, 961, 0.153410284997
105, 962, 0.252952588606
105, 963, 0.799733269555
106, 961, 0.177380912088
106, 962, 0.0296790102899
106, 963, 0.489865165349
107, 961, 0.0482014540974
107, 962, 0.679467626496
107, 963, 0.185159948667
108, 961, 0.0671710847637
108, 962, 0.20844996605
108, 963, 0.685644405104
109, 961, 0.313834228186
109, 962, 0.622482376602
109, 963, 0.58477883785
110, 961, 0.610440363524
110, 962, 0.0240468346732
110, 963, 0.424064377965
111, 961, 0.534222750629
111, 962, 0.714178887461
111, 963, 0.331753961815
112, 961, 0.36623509973
112, 962, 0.0996211445542
112, 963, 0.00510101786051
113, 961, 0.449190136835
113, 962, 0.596331074779
113, 963, 0.31905673672
114, 961, 0.933045599087
114, 962, 0.479262951879
114, 963, 0.260682571168
115, 961, 0.57955118865
115, 962, 0.143089982852
115, 963, 0.328849865429
116, 961, 0.00191845595559
116, 962, 0.282909285024
116, 963, 0.071540898312
117, 961, 0.999018600548
117, 962, 0.0311181359923
117, 963, 0.518510529811
118, 961, 0.35001813643
118, 962, 0.64214300321
118, 963, 0.0601733305952
119, 961, 0.360679909204
119, 962, 0.652443291439
119, 963, 0.424885882735
120, 961, 0.86793838667
120, 962, 0.976459528298
120, 963, 0.899437831986
121, 961, 0.58945967586
121, 962, 0.609515496726
121, 963, 0.306486870258
122, 961, 0.566096469497
122, 962, 0.693960917853
122, 963, 0.709316967798
123, 961, 0.758678516489
123, 962, 0.995092954231
123, 963, 0.907450670747
124, 961, 0.622934350257
124, 962, 0.583842066757
124, 963, 0.841558540508
125, 961, 0.209828833334
125, 962, 0.713826981794
125, 963, 0.784749225577
126, 961, 0.126695961821
126, 962, 0.29945879947
126, 963, 0.187947688968
127, 961, 0.238414001245
127, 962, 0.537532337612
127, 963, 0.584090007105
128, 961, 0.564507942948
128, 962, 0.843514693011
128, 963, 0.487948974895
129, 961, 0.685094753573
129, 962, 0.97389724487
129, 963, 0.745123768791
130, 961, 0.811461876468
130, 962, 0.680203179512
130, 963, 0.889474881405
131, 961, 0.0987626720335
131, 962, 0.204021065352
131, 963, 0.345272048651
132, 961, 0.305872351297
132, 962, 0.405539042138
132, 963, 0.427550495469
133, 961, 0.763689301869
133, 962, 0.922673079526
133, 963, 0.732524464379
134, 961, 0.107039199101
134, 962, 0.46971683679
134, 963, 0.538548228313
135, 961, 0.943912737895
135, 962, 0.657965292122
135, 963, 0.316090036246
136, 961, 0.328153951415
136, 962, 0.634560839838
136, 963, 0.942955606885
137, 961, 0.249507196643
137, 962, 0.0196350786045
137, 963, 0.570350295071
138, 961, 0.614589967965
138, 962, 0.874101569648
138, 963, 0.745646313615
139, 961, 0.971313237059
139, 962, 0.280190412906
139, 963, 0.754269065093
140, 961, 0.200230879115
140, 962, 0.561732202256
140, 963, 0.61351918022
141, 961, 0.822881438809
141, 962, 0.438137120531
141, 963, 0.161387342323
142, 961, 0.980667127787
142, 962, 0.375858978456
142, 963, 0.0566461580055
143, 961, 0.266247326901
143, 962, 0.766057424234
143, 963, 0.605801240086
144, 961, 0.331072805382
144, 962, 0.752271568961
144, 963, 0.637068574892
145, 961, 0.812760990085
145, 962, 0.89783675231
145, 963, 0.141518204723
146, 961, 0.428961854147
146, 962, 0.68978755743
146, 963, 0.726457756211
147, 961, 0.450442844433
147, 962, 0.034113808211
147, 963, 0.841809259131
148, 961, 0.376352322245
148, 962, 0.638522977251
148, 963, 0.367809409707
149, 961, 0.413435624093
149, 962, 0.711693901144
149, 963, 0.430824978725
150, 961, 0.102230871354
150, 962, 0.94036937177
150, 963, 0.310582986671
151, 961, 0.31728917606
151, 962, 0.932758794547
151, 963, 0.505012234738
152, 961, 0.876193379362
152, 962, 0.142444416189
152, 963, 0.190714214975
153, 961, 0.0420937646206
153, 962, 0.41827348776
153, 963, 0.641733963922
154, 961, 0.672009652053
154, 962, 0.106555818728
154, 963, 0.325643899067
155, 961, 0.9643714281
155, 962, 0.124436825309
155, 963, 0.768426278289
156, 961, 0.280968872073
156, 962, 0.0381906664396
156, 963, 0.249984584249
157, 961, 0.29079401069
157, 962, 0.474319077356
157, 963, 0.799260713647
158, 961, 0.74522047513
158, 962, 0.420040951991
158, 963, 0.341285806461
159, 961, 0.821040059102
159, 962, 0.256989710725
159, 963, 0.170072172012
160, 961, 0.645588294858
160, 962, 0.454455280581
160, 963, 0.507576762412
161, 961, 0.689494194453
161, 962, 0.078246610024
161, 963, 0.623445724369
162, 961, 0.273144224653
162, 962, 0.825968618113
162, 963, 0.775500472122
163, 961, 0.691004719235
163, 962, 0.811708225362
163, 963, 0.254703945176
164, 961, 0.415305155335
164, 962, 0.918081586368
164, 963, 0.0562509791716
165, 961, 0.394607005887
165, 962, 0.452544572003
165, 963, 0.863068278413
166, 961, 0.296664048204
166, 962, 0.190175149617
166, 963, 0.258292902188
167, 961, 0.14721498716
167, 962, 0.331163103927
167, 963, 0.895301303621
168, 961, 0.221477294375
168, 962, 0.10498653671
168, 963, 0.978501542206
169, 961, 0.499505293892
169, 962, 0.192351358427
169, 963, 0.547621282473
170, 961, 0.456417060594
170, 962, 0.00891467299603
170, 963, 0.0894821179233
171, 961, 0.162122674337
171, 962, 0.0188182570793
171, 963, 0.230302832242
172, 961, 0.730614059742
172, 962, 0.636985329539
172, 963, 0.076489570188
173, 961, 0.732695817129
173, 962, 0.319444570078
173, 963, 0.161647132569
174, 961, 0.730580709329
174, 962, 0.310054090664
174, 963, 0.873891075013
175, 961, 0.913617125876
175, 962, 0.492934963388
175, 963, 0.0424317027581
176, 961, 0.0988828511307
176, 962, 0.440658075685
176, 963, 0.789695575182
177, 961, 0.219560214317
177, 962, 0.399459553247
177, 963, 0.933479652347
178, 961, 0.364545760187
178, 962, 0.802698381761
178, 963, 0.52634812031
179, 961, 0.56115808006
179, 962, 0.608629935153
179, 963, 0.272454526736
180, 961, 0.223364795827
180, 962, 0.525948645176
180, 963, 0.799674937707
181, 961, 0.109893540038
181, 962, 0.235987976847
181, 963, 0.410328409354
182, 961, 0.790114511608
182, 962, 0.773179233536
182, 963, 0.0525139378313
183, 961, 0.984634981045
183, 962, 0.68075598642
183, 963, 0.638067989819
184, 961, 0.259997957195
184, 962, 0.535279492169
184, 963, 0.235731858379
185, 961, 0.875617237816
185, 962, 0.529381880512
185, 963, 0.470180340262
186, 961, 0.126369957199
186, 962, 0.6638976777
186, 963, 0.50144090437
187, 961, 0.678842466158
187, 962, 0.781053414432
187, 963, 0.513043045505
188, 961, 0.326491658822
188, 962, 0.570035818708
188, 963, 0.935493941606
189, 961, 0.502924477176
189, 962, 0.530244998086
189, 963, 0.244310459385
190, 961, 0.258499682697
190, 962, 0.745770169227
190, 963, 0.527954107758
191, 961, 0.770457931386
191, 962, 0.869596104081
191, 963, 0.994633891036
192, 961, 0.71431718209
192, 962, 0.260102667313
192, 963, 0.791688282833
193, 961, 0.548767163351
193, 962, 0.902110906551
193, 963, 0.895192966664
194, 961, 0.442333152572
194, 962, 0.33033064157
194, 963, 0.394156510033
195, 961, 0.0345583411377
195, 962, 0.0940992342273
195, 963, 0.322199818588
196, 961, 0.254863581358
196, 962, 0.261602354043
196, 963, 0.614365927067
197, 961, 0.239006704271
197, 962, 0.686777671728
197, 963, 0.929480812103
198, 961, 0.91687133888
198, 962, 0.301696882542
198, 963, 0.942483730753
199, 961, 0.414512845416
199, 962, 0.952106983392
199, 963, 0.788284050623
200, 961, 0.270008085379
200, 962, 0.871394298229
200, 963, 0.467939814336
201, 961, 0.161798281343
201, 962, 0.152173301253
201, 963, 0.577053708463
202, 961, 0.630281351436
202, 962, 0.268708969931
202, 963, 0.757251628504
203, 961, 0.742768435485
203, 962, 0.10281734165
203, 963, 0.446033962862
204, 961, 0.855082604107
204, 962, 0.238771053086
204, 963, 0.393698650416
205, 961, 0.101171670543
205, 962, 0.345393337111
205, 963, 0.358354137158
206, 961, 0.189155440038
206, 962, 0.467751794633
206, 963, 0.880695945124
207, 961, 0.276373628156
207, 962, 0.703063450844
207, 963, 0.878663644685
208, 961, 0.650084530138
208, 962, 0.607440748976
208, 963, 0.660623281953
209, 961, 0.323517016732
209, 962, 0.430396231583
209, 963, 0.99318704096
210, 961, 0.0917276759616
210, 962, 0.34347549788
210, 963, 0.0556579896583
211, 961, 0.300092573853
211, 962, 0.850423828774
211, 963, 0.792353225148
212, 961, 0.721208927889
212, 962, 0.844105198177
212, 963, 0.524987867184
213, 961, 0.620657351063
213, 962, 0.84465337217
213, 963, 0.70680000393
214, 961, 0.902794831569
214, 962, 0.986353961816
214, 963, 0.725335140866
215, 961, 0.0639866253295
215, 962, 0.217831921785
215, 963, 0.0332595080193
216, 961, 0.797604024534
216, 962, 0.548401646346
216, 963, 0.322197856588
217, 961, 0.703021337198
217, 962, 0.51983217384
217, 963, 0.996230415845
218, 961, 0.42489714433
218, 962, 0.234986188785
218, 963, 0.134158941803
219, 961, 0.131102182739
219, 962, 0.915673811158
219, 963, 0.117432194614
220, 961, 0.808874735115
220, 962, 0.207180077121
220, 963, 0.378580259432
221, 961, 0.955005281373
221, 962, 0.118614612606
221, 963, 0.164720992108
222, 961, 0.552361898257
222, 962, 0.823572365337
222, 963, 0.192305903806
223, 961, 0.625256471542
223, 962, 0.0595101301511
223, 963, 0.159649732365
224, 961, 0.575339279741
224, 962, 0.393613964941
224, 963, 0.606800066611
225, 961, 0.316718718889
225, 962, 0.0808102193582
225, 963, 0.176681897873
226, 961, 0.815607662365
226, 962, 0.537457395976
226, 963, 0.734922632228
227, 961, 0.611011136517
227, 962, 0.268080437813
227, 963, 0.385654159494
228, 961, 0.338333931125
228, 962, 0.197395786266
228, 963, 0.956648272467
229, 961, 0.377046223678
229, 962, 0.17507530129
229, 963, 0.0929907344022
230, 961, 0.420367109028
230, 962, 0.801413082717
230, 963, 0.77178604108
231, 961, 0.316851775404
231, 962, 0.464321949708
231, 963, 0.560141137048
232, 961, 0.572209652181
232, 962, 0.53051484587
232, 963, 0.160518357025
233, 961, 0.379353170327
233, 962, 0.225949750603
233, 963, 0.536831855742
234, 961, 0.490453962535
234, 962, 0.962660645652
234, 963, 0.908429920049
235, 961, 0.694127917395
235, 962, 0.701326272054
235, 963, 0.0413740586542
236, 961, 0.104702901743
236, 962, 0.568493306979
236, 963, 0.703786357556
237, 961, 0.865829564881
237, 962, 0.112763769736
237, 963, 0.262790370334
238, 961, 0.953248502108
238, 962, 0.637235743433
238, 963, 0.438232905622
239, 961, 0.818062158843
239, 962, 0.507499530494
239, 963, 0.526335610366
240, 961, 0.62004965746
240, 962, 0.928263886451
240, 963, 0.173170282929
241, 961, 0.813645894042
241, 962, 0.932867559776
241, 963, 0.807925340967
242, 961, 0.156788109675
242, 962, 0.725660349902
242, 963, 0.0454001378049
243, 961, 0.596910198426
243, 962, 0.304276235164
243, 963, 0.237415310087
244, 961, 0.126836223204
244, 962, 0.076283416213
244, 963, 0.345056284773
245, 961, 0.721246370759
245, 962, 0.495135678824
245, 963, 0.199979182428
246, 961, 0.220118679934
246, 962, 0.519616934634
246, 963, 0.932376366787
247, 961, 0.511472199719
247, 962, 0.47233243871
247, 963, 0.791846772898
248, 961, 0.143360460617
248, 962, 0.499426139084
248, 963, 0.0161789861881
249, 961, 0.450800462243
249, 962, 0.629809211718
249, 963, 0.0332022017334
250, 961, 0.577937757785
250, 962, 0.782083984104
250, 963, 0.810599265916
251, 961, 0.763390700515
251, 962, 0.386488723675
251, 963, 0.640097747361
252, 961, 0.734955851386
252, 962, 0.528111178601
252, 963, 0.615193463876
253, 961, 0.674716847213
253, 962, 0.372421575001
253, 963, 0.786565820588
254, 961, 0.787584797988
254, 962, 0.343074277937
254, 963, 0.306201990573
255, 961, 0.0142447913084
255, 962, 0.940347429724
255, 963, 0.00394047696159
256, 961, 0.0129041234684
256, 962, 0.639499827965
256, 963, 0.698543597513
257, 961, 0.535804427187
257, 962, 0.210790049555
257, 963, 0.570517945527
258, 961, 0.263251675422
258, 962, 0.333065243906
258, 963, 0.402835376678
259, 961, 0.0492681120446
259, 962, 0.782484284246
259, 963, 0.0502283781424
260, 961, 0.384119661905
260, 962, 0.539869635697
260, 963, 0.270894390472
261, 961, 0.535344698684
261, 962, 0.770948935943
261, 963, 0.167514069721
262, 961, 0.632131290816
262, 962, 0.853259187436
262, 963, 0.82543711751
263, 961, 0.261317197721
263, 962, 0.633630816743
263, 963, 0.818235427168
264, 961, 0.0265977505343
264, 962, 0.619208972738
264, 963, 0.587631780699
265, 961, 0.00480465445112
265, 962, 0.388338701419
265, 963, 0.251071871845
266, 961, 0.149099978129
266, 962, 0.672564947343
266, 963, 0.702855408331
267, 961, 0.998116646793
267, 962, 0.703017049794
267, 963, 0.950204728297
268, 961, 0.676608102626
268, 962, 0.861375299087
268, 963, 0.0738693461223
269, 961, 0.556105224157
269, 962, 0.326139539078
269, 963, 0.720356796383
270, 961, 0.701849573608
270, 962, 0.838199828488
270, 963, 0.898607328242
271, 961, 0.672722854744
271, 962, 0.466398168286
271, 963, 0.384667895707
272, 961, 0.827259861893
272, 962, 0.0685230234701
272, 963, 0.994298586377
273, 961, 0.76847389493
273, 962, 0.304107326748
273, 963, 0.186476678687
274, 961, 0.0576154852169
274, 962, 0.870281679107
274, 963, 0.848552944476
275, 961, 0.945276032912
275, 962, 0.113207297908
275, 963, 0.686151472076
276, 961, 0.632856657169
276, 962, 0.284451920745
276, 963, 0.239041949908
277, 961, 0.967228188945
277, 962, 0.186633032639
277, 963, 0.346038809319
278, 961, 0.475215483097
278, 962, 0.879226362489
278, 963, 0.0902080300791
279, 961, 0.853531702203
279, 962, 0.885407637805
279, 963, 0.524018180463
280, 961, 0.115411783742
280, 962, 0.16074257037
280, 963, 0.707397206187
281, 961, 0.60184040477
281, 962, 0.565846489622
281, 963, 0.236934297572
282, 961, 0.0284899546077
282, 962, 0.169266382374
282, 963, 0.61516305283
283, 961, 0.301795048121
283, 962, 0.340259533975
283, 963, 0.230661943872
284, 961, 0.873354898844
284, 962, 0.855099073069
284, 963, 0.340613864063
285, 961, 0.0640618039546
285, 962, 0.429907959542
285, 963, 0.997734165054
286, 961, 0.0588017802673
286, 962, 0.460231405779
286, 963, 0.643465847298
287, 961, 0.919545724319
287, 962, 0.553241677553
287, 963, 0.803997952853
288, 961, 0.677314580193
288, 962, 0.62126239002
288, 963, 0.997114366447
289, 961, 0.622874165009
289, 962, 0.37093284112
289, 963, 0.101475932927
290, 961, 0.297226177439
290, 962, 0.413663092063
290, 963, 0.10168236662
291, 961, 0.591127841778
291, 962, 0.310792644526
291, 963, 0.480363584017
292, 961, 0.15116956022
292, 962, 0.945555678497
292, 963, 0.252271133131
293, 961, 0.562718804168
293, 962, 0.334932543109
293, 963, 0.367388808246
294, 961, 0.988183211033
294, 962, 0.907672169666
294, 963, 0.73332606646
295, 961, 0.412028691821
295, 962, 0.386995459518
295, 963, 0.00995918125569
296, 961, 0.742507432044
296, 962, 0.137488846441
296, 963, 0.301258513238
297, 961, 0.188004468214
297, 962, 0.0205406457023
297, 963, 0.308124080156
298, 961, 0.55539042566
298, 962, 0.412494501044
298, 963, 0.0680491480077
299, 961, 0.0604861287236
299, 962, 0.677938955431
299, 963, 0.152140309394
300, 961, 0.710738726049
300, 962, 0.287848817637
300, 963, 0.339371568452
301, 961, 0.859082789901
301, 962, 0.0616465540303
301, 963, 0.79946749875
302, 961, 0.0534843194243
302, 962, 0.785325500999
302, 963, 0.0329262618533
303, 961, 0.0735932002958
303, 962, 0.285943031153
303, 963, 0.502300689012
304, 961, 0.988502920536
304, 962, 0.403022489643
304, 963, 0.702392559254
305, 961, 0.902944679615
305, 962, 0.801139942428
305, 963, 0.088656329627
306, 961, 0.354042907929
306, 962, 0.0965372509531
306, 963, 0.528693448057
307, 961, 0.74701158521
307, 962, 0.300564619931
307, 963, 0.930346002128
308, 961, 0.914058234126
308, 962, 0.283444800165
308, 963, 0.188372085999
309, 961, 0.0400249065922
309, 962, 0.107474897058
309, 963, 0.990240296548
310, 961, 0.758988715173
310, 962, 0.668132438982
310, 963, 0.778046904463
311, 961, 0.921526609527
311, 962, 0.867273925547
311, 963, 0.313240390947
312, 961, 0.229482547419
312, 962, 0.6070437538
312, 963, 0.885071244774
313, 961, 0.0395387104331
313, 962, 0.32789686397
313, 963, 0.304861360838
314, 961, 0.219422683749
314, 962, 0.897855679215
314, 963, 0.679868414719
315, 961, 0.293217385787
315, 962, 0.758422937145
315, 963, 0.970193456206
316, 961, 0.464081639546
316, 962, 0.583194354436
316, 963, 0.776690813959
317, 961, 0.902159144253
317, 962, 0.362836413195
317, 963, 0.884885631185
318, 961, 0.359686313947
318, 962, 0.474839323594
318, 963, 0.951299772222
319, 961, 0.372502409191
319, 962, 0.90447762693
319, 963, 0.605993316185
320, 961, 0.775755241273
320, 962, 0.17000535669
320, 963, 0.765707956067
321, 961, 0.571649859162
321, 962, 0.805093770767
321, 963, 0.510906533258
322, 961, 0.713498276258
322, 962, 0.91497550393
322, 963, 0.237878761917
323, 961, 0.401832932896
323, 962, 0.687930142885
323, 963, 0.114959058193
324, 961, 0.975592199372
324, 962, 0.0371858261491
324, 963, 0.789610871713
325, 961, 0.746807049068
325, 962, 0.532356660284
325, 963, 0.0592857170116
326, 961, 0.754123243835
326, 962, 0.414753620966
326, 963, 0.482805891533
327, 961, 0.987062739483
327, 962, 0.792741150038
327, 963, 0.601576391444
328, 961, 0.353538276562
328, 962, 0.507361737655
328, 963, 0.686147161544
329, 961, 0.0531236085092
329, 962, 0.239093138938
329, 963, 0.235358841415
330, 961, 0.244744201804
330, 962, 0.646702065108
330, 963, 0.51724420871
331, 961, 0.118673505693
331, 962, 0.0644686491824
331, 963, 0.905709372642
332, 961, 0.295781641281
332, 962, 0.6777113044
332, 963, 0.644165543776
333, 961, 0.41203739181
333, 962, 0.466306915476
333, 963, 0.920893005221
334, 961, 0.22932925797
334, 962, 0.517929431578
334, 963, 0.715378518682
335, 961, 0.350643059184
335, 962, 0.238983434135
335, 963, 0.392830579765
336, 961, 0.951047243503
336, 962, 0.646634252608
336, 963, 0.00987053582774
337, 961, 0.845097641077
337, 962, 0.533735718032
337, 963, 0.187119851296
338, 961, 0.716166991456
338, 962, 0.082791295849
338, 963, 0.38929918641
339, 961, 0.318630726142
339, 962, 0.872204067435
339, 963, 0.535473015604
340, 961, 0.271467024753
340, 962, 0.156899651816
340, 963, 0.885082708589
341, 961, 0.0614064718
341, 962, 0.0752387069325
341, 963, 0.370594902568
342, 961, 0.274028568152
342, 962, 0.273906013251
342, 963, 0.519190265372
343, 961, 0.483399939621
343, 962, 0.0604008254419
343, 963, 0.979337045644
344, 961, 0.207231851319
344, 962, 0.171781067803
344, 963, 0.6271568247
345, 961, 0.14322955514
345, 962, 0.374791705129
345, 963, 0.722717686912
346, 961, 0.848413503738
346, 962, 0.833416989585
346, 963, 0.332204480526
347, 961, 0.145958366032
347, 962, 0.443090843408
347, 963, 0.787258262429
348, 961, 0.879214782689
348, 962, 0.0859205750434
348, 963, 0.858210316878
349, 961, 0.868566601111
349, 962, 0.277239893857
349, 963, 0.600992354034
350, 961, 0.718043749688
350, 962, 0.361034960797
350, 963, 0.835503849685
351, 961, 0.632646679089
351, 962, 0.845328644178
351, 963, 0.328604899087
352, 961, 0.460618767086
352, 962, 0.622647748194
352, 963, 0.266305402925
353, 961, 0.125918539698
353, 962, 0.554633361506
353, 963, 0.532207741804
354, 961, 0.130543939386
354, 962, 0.194291277053
354, 963, 0.511501615265
355, 961, 0.556095108874
355, 962, 0.50446556203
355, 963, 0.333369462624
356, 961, 0.886479337295
356, 962, 0.606876530585
356, 963, 0.883551984926
357, 961, 0.840257888754
357, 962, 0.270199559044
357, 963, 0.719546553379
358, 961, 0.516340215756
358, 962, 0.275065256657
358, 963, 0.607411090038
359, 961, 0.375565682105
359, 962, 0.634503547889
359, 963, 0.487864486338
360, 961, 0.334816179691
360, 962, 0.0661055198438
360, 963, 0.310972353118
361, 961, 0.993207103828
361, 962, 0.644250421949
361, 963, 0.321447254303
362, 961, 0.0913216856273
362, 962, 0.574403314304
362, 963, 0.45915584224
363, 961, 0.851177462571
363, 962, 0.940480264503
363, 963, 0.902764288913
364, 961, 0.533407764731
364, 962, 0.795083943651
364, 963, 0.206900898853
365, 961, 0.416571668694
365, 962, 0.538175701415
365, 963, 0.412568008677
366, 961, 0.000483277726076
366, 962, 0.325334036535
366, 963, 0.170705442399
367, 961, 0.519201388416
367, 962, 0.257958044885
367, 963, 0.244478351845
368, 961, 0.126216721266
368, 962, 0.421934678143
368, 963, 0.0723307006028
369, 961, 0.62610611914
369, 962, 0.732263883589
369, 963, 0.416515895567
370, 961, 0.0230886916277
370, 962, 0.300822228555
370, 963, 0.0518161291381
371, 961, 0.930435145915
371, 962, 0.515532815032
371, 963, 0.190405360397
372, 961, 0.897066210444
372, 962, 0.485126033076
372, 963, 0.0796810479969
373, 961, 0.644971913548
373, 962, 0.0309289779899
373, 963, 0.19019316856
374, 961, 0.0719419560094
374, 962, 0.513865395561
374, 963, 0.812940871247
375, 961, 0.345226515114
375, 962, 0.721858978642
375, 963, 0.402856051587
376, 961, 0.125391318093
376, 962, 0.00362457940052
376, 963, 0.5746753388
377, 961, 0.729559393094
377, 962, 0.445549965956
377, 963, 0.638023862371
378, 961, 0.376321826211
378, 962, 0.785495016912
378, 963, 0.960611271628
379, 961, 0.928903139271
379, 962, 0.306397484207
379, 963, 0.780076921681
380, 961, 0.43713853417
380, 962, 0.525990495577
380, 963, 0.17546250213
381, 961, 0.0189509174637
381, 962, 0.55939635593
381, 963, 0.844550131028
382, 961, 0.692125792086
382, 962, 0.83966932958
382, 963, 0.171507080072
383, 961, 0.043921300695
383, 962, 0.368492037601
383, 963, 0.957032357474
384, 961, 0.715418110413
384, 962, 0.510633099382
384, 963, 0.856254637394
385, 961, 0.659277021888
385, 962, 0.610792753019
385, 963, 0.551304514612
386, 961, 0.925323648205
386, 962, 0.109314789147
386, 963, 0.960762098847
387, 961, 0.267869069648
387, 962, 0.78385409105
387, 963, 0.929192639046
388, 961, 0.181542389512
388, 962, 0.691587955772
388, 963, 0.459153021822
389, 961, 0.0376604212249
389, 962, 0.124112539856
389, 963, 0.00400301938441
390, 961, 0.527478597262
390, 962, 0.872313797213
390, 963, 0.0351057693614
391, 961, 0.906334542073
391, 962, 0.780849966573
391, 963, 0.500081790659
392, 961, 0.224024474485
392, 962, 0.431895231123
392, 963, 0.609052878674
393, 961, 0.288872009784
393, 962, 0.8899661993
393, 963, 0.976528645125
394, 961, 0.948305654182
394, 962, 0.202537992812
394, 963, 0.352014125758
395, 961, 0.474848539304
395, 962, 0.419550544179
395, 963, 0.990955585375
396, 961, 0.120750736188
396, 962, 0.197949070325
396, 963, 0.41005520741
397, 961, 0.0717042437373
397, 962, 0.244760002939
397, 963, 0.115152255423
398, 961, 0.42380980024
398, 962, 0.628660941277
398, 963, 0.720854022769
399, 961, 0.54890968778
399, 962, 0.565463927429
399, 963, 0.157887864036
400, 961, 0.538012304649
400, 962, 0.588621057657
400, 963, 0.952673570358
401, 961, 0.77287143666
401, 962, 0.25295014814
401, 963, 0.113069561372
402, 961, 0.107233385792
402, 962, 0.913737910532
402, 963, 0.205498181054
403, 961, 0.990420009978
403, 962, 0.246909527013
403, 963, 0.0329360600673
404, 961, 0.583785888643
404, 962, 0.901532007271
404, 963, 0.351708480387
405, 961, 0.815688615125
405, 962, 0.424112565507
405, 963, 0.790362209332
406, 961, 0.480592775368
406, 962, 0.0129659828716
406, 963, 0.755884614703
407, 961, 0.18156624693
407, 962, 0.835924509178
407, 963, 0.650839938799
408, 961, 0.965898863533
408, 962, 0.375346187308
408, 963, 0.520369650967
409, 961, 0.718199664824
409, 962, 0.125991001898
409, 963, 0.0244024160206
410, 961, 0.0223244409621
410, 962, 0.193985471189
410, 963, 0.0225710159881
411, 961, 0.00142492229618
411, 962, 0.967052834607
411, 963, 0.0647282377948
412, 961, 0.724224646318
412, 962, 0.0311188589865
412, 963, 0.976812093244
413, 961, 0.316759182999
413, 962, 0.732430437129
413, 963, 0.965298845357
414, 961, 0.718303870402
414, 962, 0.808868664982
414, 963, 0.493568581485
415, 961, 0.918411214902
415, 962, 0.503711052539
415, 963, 0.0698396960561
416, 961, 0.0530670998459
416, 962, 0.00349818399555
416, 963, 0.551111175861
417, 961, 0.0247884239899
417, 962, 0.752874157076
417, 963, 0.48733475827
418, 961, 0.856661386146
418, 962, 0.250576453304
418, 963, 0.722844600564
419, 961, 0.602445927527
419, 962, 0.609910708978
419, 963, 0.136820542607
420, 961, 0.147891755923
420, 962, 0.422998751578
420, 963, 0.722853628335
421, 961, 0.516485819933
421, 962, 0.0846757931911
421, 963, 0.6331717538
422, 961, 0.259748378793
422, 962, 0.0972397006936
422, 963, 0.735336366326
423, 961, 0.739886626252
423, 962, 0.352102066546
423, 963, 0.735885994952
424, 961, 0.0675809043814
424, 962, 0.129897031649
424, 963, 0.470465663845
425, 961, 0.775550275006
425, 962, 0.626951253444
425, 963, 0.630850598491
426, 961, 0.814541564069
426, 962, 0.748569346753
426, 963, 0.357889047346
427, 961, 0.38504486946
427, 962, 0.221663117314
427, 963, 0.685518560289
428, 961, 0.358103015313
428, 962, 0.933105578905
428, 963, 0.0158494931994
429, 961, 0.849367200326
429, 962, 0.186969211477
429, 963, 0.872308649327
430, 961, 0.65969165135
430, 962, 0.39651492256
430, 963, 0.900834658229
431, 961, 0.38144334349
431, 962, 0.809542972976
431, 963, 0.212412025766
432, 961, 0.19840641329
432, 962, 0.42983753798
432, 963, 0.273729707901
433, 961, 0.475070047231
433, 962, 0.22216176513
433, 963, 0.601136698433
434, 961, 0.337906522911
434, 962, 0.0849787798027
434, 963, 0.411669659092
435, 961, 0.865441784026
435, 962, 0.51695516018
435, 963, 0.582792678811
436, 961, 0.0816707770487
436, 962, 0.377092529234
436, 963, 0.305577914697
437, 961, 0.977041386648
437, 962, 0.501147220507
437, 963, 0.660505891708
438, 961, 0.101218310889
438, 962, 0.530844146759
438, 963, 0.898898670515
439, 961, 0.0769878121479
439, 962, 0.0372375149122
439, 963, 0.0529993121681
440, 961, 0.397109493232
440, 962, 0.620086985013
440, 963, 0.836926706995
441, 961, 0.483389143894
441, 962, 0.281448452487
441, 963, 0.169903361479
442, 961, 0.0837983245549
442, 962, 0.159790673982
442, 963, 0.213090909167
443, 961, 0.450574146148
443, 962, 0.360295794815
443, 963, 0.917918663481
444, 961, 0.700402121559
444, 962, 0.403053606399
444, 963, 0.45006833062
445, 961, 0.539863963747
445, 962, 0.694463739781
445, 963, 0.911194956129
446, 961, 0.058851998791
446, 962, 0.0979524736622
446, 963, 0.397893672298
447, 961, 0.916250832146
447, 962, 0.645100413546
447, 963, 0.654177239649
448, 961, 0.882922122447
448, 962, 0.813973719414
448, 963, 0.462992335346
449, 961, 0.971614643914
449, 962, 0.615817898721
449, 963, 0.75331377631
450, 961, 0.97694330736
450, 962, 0.317898233121
450, 963, 0.168997448858
451, 961, 0.91639189549
451, 962, 0.162110389858
451, 963, 0.61592191384
452, 961, 0.411907638006
452, 962, 0.474318960686
452, 963, 0.923397263457
453, 961, 0.503046143847
453, 962, 0.618369974533
453, 963, 0.874585152473
454, 961, 0.222285756572
454, 962, 0.946013504333
454, 963, 0.363120190627
455, 961, 0.573164952354
455, 962, 0.983242579746
455, 963, 0.185359498882
456, 961, 0.305673029739
456, 962, 0.278693866233
456, 963, 0.348218466794
457, 961, 0.307405584273
457, 962, 0.400785100706
457, 963, 0.375933566234
458, 961, 0.7425810785
458, 962, 0.533641304232
458, 963, 0.575082368813
459, 961, 0.371755743667
459, 962, 0.167564622037
459, 963, 0.45931977678
460, 961, 0.840898287753
460, 962, 0.149441403035
460, 963, 0.313605543325
461, 961, 0.968186495402
461, 962, 0.694814560085
461, 963, 0.230921508637
462, 961, 0.0595819513094
462, 962, 0.160422155843
462, 963, 0.717866929401
463, 961, 0.30691393572
463, 962, 0.687474059191
463, 963, 0.596180108588
464, 961, 0.324794541796
464, 962, 0.838459038855
464, 963, 0.538525219453
465, 961, 0.517805716942
465, 962, 0.411221018896
465, 963, 0.870605703249
466, 961, 0.388512451088
466, 962, 0.844825468754
466, 963, 0.577424551067
467, 961, 0.339691598406
467, 962, 0.45922985424
467, 963, 0.178896603019
468, 961, 0.644633168156
468, 962, 0.489741593026
468, 963, 0.397335839573
469, 961, 0.345079754712
469, 962, 0.00488357558073
469, 963, 0.231959217305
470, 961, 0.0657762652019
470, 962, 0.985210983507
470, 963, 0.923226216359
471, 961, 0.72804839583
471, 962, 0.264187808088
471, 963, 0.0208998461115
472, 961, 0.198068004961
472, 962, 0.193181563894
472, 963, 0.0168883145392
473, 961, 0.0581035190437
473, 962, 0.24745006191
473, 963, 0.879656421782
474, 961, 0.50044182519
474, 962, 0.354982373851
474, 963, 0.246418357201
475, 961, 0.389861919053
475, 962, 0.32755215194
475, 963, 0.255302990093
476, 961, 0.959496231671
476, 962, 0.232984872915
476, 963, 0.582391287986
477, 961, 0.73683215594
477, 962, 0.102068151387
477, 963, 0.324437171982
478, 961, 0.459526203772
478, 962, 0.372841825062
478, 963, 0.382991203135
479, 961, 0.44585616172
479, 962, 0.604987879328
479, 963, 0.0466566173492
480, 961, 0.848215023075
480, 962, 0.42420617717
480, 963, 0.391966736061
481, 961, 0.473728671819
481, 962, 0.105380830209
481, 963, 0.332942608745
482, 961, 0.992731668867
482, 962, 0.69338603241
482, 963, 0.622980536224
483, 961, 0.739157945228
483, 962, 0.563276124338
483, 963, 0.852608591484
484, 961, 0.15653262961
484, 962, 0.502100978866
484, 963, 0.250080427766
485, 961, 0.0712461809188
485, 962, 0.96997334952
485, 963, 0.775200836439
486, 961, 0.543185932311
486, 962, 0.325358827453
486, 963, 0.959981091001
487, 961, 0.977326055659
487, 962, 0.382617139341
487, 963, 0.182758597985
488, 961, 0.627597629518
488, 962, 0.0277932494647
488, 963, 0.719211804614
489, 961, 0.93726019119
489, 962, 0.896447002343
489, 963, 0.917016084661
490, 961, 0.28011905862
490, 962, 0.831186296711
490, 963, 0.275567893311
491, 961, 0.674476373781
491, 962, 0.983137392158
491, 963, 0.726185905705
492, 961, 0.577465114911
492, 962, 0.874648258459
492, 963, 0.0870211210594
493, 961, 0.0647234890812
493, 962, 0.550793051761
493, 963, 0.0200962875062
494, 961, 0.996519478478
494, 962, 0.501476659077
494, 963, 0.740832715274
495, 961, 0.737627670886
495, 962, 0.664965216851
495, 963, 0.148952033411
496, 961, 0.388055849733
496, 962, 0.727061010029
496, 963, 0.863168996277
497, 961, 0.812576780803
497, 962, 0.530607716031
497, 963, 0.852118493036
498, 961, 0.867113419214
498, 962, 0.869667219097
498, 963, 0.350579872059
499, 961, 0.350711260507
499, 962, 0.723386422252
499, 963, 0.597646894934
500, 961, 0.733607813349
500, 962, 0.496484505037
500, 963, 0.720276424683
501, 961, 0.000524543373189
501, 962, 0.871902454966
501, 963, 0.356570448829
502, 961, 0.44717284732
502, 962, 0.115059961606
502, 963, 0.971337321893
503, 961, 0.987282560252
503, 962, 0.537636851453
503, 963, 0.684441863502
504, 961, 0.95196573452
504, 962, 0.354623377852
504, 963, 0.148486554884
505, 961, 0.0955369651761
505, 962, 0.954828459278
505, 963, 0.681017451972
506, 961, 0.4625857828
506, 962, 0.713337143788
506, 963, 0.932895646949
507, 961, 0.515531276692
507, 962, 0.22212779954
507, 963, 0.966609618098
508, 961, 0.65547538373
508, 962, 0.245552895248
508, 963, 0.573972417534
509, 961, 0.220193572997
509, 962, 0.327068580277
509, 963, 0.75225780694
510, 961, 0.379727641607
510, 962, 0.731596018949
510, 963, 0.229693760765
511, 961, 0.993712142636
511, 962, 0.311489994454
511, 963, 0.621376176898
512, 961, 0.216973153409
512, 962, 0.364001178723
512, 963, 0.760421626694
513, 961, 0.59778253672
513, 962, 0.61509129653
513, 963, 0.190264823506
514, 961, 0.705899762365
514, 962, 0.0326976924545
514, 963, 0.199824155405
515, 961, 0.243908079701
515, 962, 0.612732012324
515, 963, 0.610695825066
516, 961, 0.84593880563
516, 962, 0.0101181210069
516, 963, 0.242868100085
517, 961, 0.805263400798
517, 962, 0.807037952008
517, 963, 0.431540012809
518, 961, 0.348810296197
518, 962, 0.578628012776
518, 963, 0.0800397073397
519, 961, 0.0936975500675
519, 962, 0.884512420812
519, 963, 0.717225559163
520, 961, 0.253580331843
520, 962, 0.275885687213
520, 963, 0.631801589455
521, 961, 0.810839177124
521, 962, 0.615189163173
521, 963, 0.539451373259
522, 961, 0.167996578293
522, 962, 0.660797603851
522, 963, 0.865380615407
523, 961, 0.849294185154
523, 962, 0.355216667013
523, 963, 0.990855735178
524, 961, 0.35471352737
524, 962, 0.664507243687
524, 963, 0.386391342054
525, 961, 0.935676421478
525, 962, 0.639656337907
525, 963, 0.0937030352263
526, 961, 0.520978303319
526, 962, 0.659914148
526, 963, 0.521968917813
527, 961, 0.768525104775
527, 962, 0.0602057681627
527, 963, 0.217158519075
528, 961, 0.399092668715
528, 962, 0.853656174486
528, 963, 0.319275700259
529, 961, 0.42550236786
529, 962, 0.178460946434
529, 963, 0.0912239083912
530, 961, 0.768673734767
530, 962, 0.220208576557
530, 963, 0.327506738048
531, 961, 0.641592668233
531, 962, 0.95728095785
531, 963, 0.823623562626
532, 961, 0.692736673382
532, 962, 0.860760787959
532, 963, 0.0961622875448
533, 961, 0.35962091865
533, 962, 0.0125461761976
533, 963, 0.225528220493
534, 961, 0.921940705995
534, 962, 0.145845849447
534, 963, 0.732083759495
535, 961, 0.0304602119828
535, 962, 0.824000524586
535, 963, 0.489175416507
536, 961, 0.0861362089838
536, 962, 0.210185767126
536, 963, 0.950338564231
537, 961, 0.372041995148
537, 962, 0.903449421625
537, 963, 0.432210720888
538, 961, 0.0292675487854
538, 962, 0.882660982598
538, 963, 0.521893081546
539, 961, 0.0592618820285
539, 962, 0.294404335551
539, 963, 0.439695506629
540, 961, 0.710202726235
540, 962, 0.153274877507
540, 963, 0.025241469121
541, 961, 0.36376154521
541, 962, 0.10585307067
541, 963, 0.258622057588
542, 961, 0.483171523454
542, 962, 0.744366835622
542, 963, 0.0567838956637
543, 961, 0.633611743301
543, 962, 0.823950939518
543, 963, 0.504849566048
544, 961, 0.42942181437
544, 962, 0.31317248458
544, 963, 0.963628718291
545, 961, 0.0385163773625
545, 962, 0.531534093163
545, 963, 0.470846264838
546, 961, 0.984511002091
546, 962, 0.692621483296
546, 963, 0.45798175224
547, 961, 0.949626398865
547, 962, 0.733105098202
547, 963, 0.30045296698
548, 961, 0.75105289903
548, 962, 0.360968803017
548, 963, 0.259036948315
549, 961, 0.972842347679
549, 962, 0.0621785188073
549, 963, 0.539176903663
550, 961, 0.102922098031
550, 962, 0.168446746207
550, 963, 0.509051984187
551, 961, 0.352376920055
551, 962, 0.231363545904
551, 963, 0.408399045591
552, 961, 0.690312619801
552, 962, 0.676448041208
552, 963, 0.685511889196
553, 961, 0.915233243427
553, 962, 0.992284805031
553, 963, 0.731413886586
554, 961, 0.199828801917
554, 962, 0.473907142004
554, 963, 0.213024756218
555, 961, 0.586695587181
555, 962, 0.583785793353
555, 963, 0.70227027705
556, 961, 0.594630952362
556, 962, 0.0629908638002
556, 963, 0.492859167032
557, 961, 0.257211547238
557, 962, 0.591432522029
557, 963, 0.454856748056
558, 961, 0.202007395953
558, 962, 0.505459276636
558, 963, 0.314363876652
559, 961, 0.313729097084
559, 962, 0.0618287790471
559, 963, 0.717907130835
560, 961, 0.477831651246
560, 962, 0.17080188889
560, 963, 0.232644885783
561, 961, 0.0520091947999
561, 962, 0.271580342663
561, 963, 0.854507571475
562, 961, 0.326845905073
562, 962, 0.73161144108
562, 963, 0.483801891155
563, 961, 0.811061112097
563, 962, 0.0873611404605
563, 963, 0.376008149048
564, 961, 0.515321870012
564, 962, 0.556092240106
564, 963, 0.821141337328
565, 961, 0.310813230725
565, 962, 0.640806028161
565, 963, 0.851667055036
566, 961, 0.397427351482
566, 962, 0.883254969288
566, 963, 0.848104899968
567, 961, 0.50554390091
567, 962, 0.502094389901
567, 963, 0.247177253783
568, 961, 0.112080128586
568, 962, 0.467410772135
568, 963, 0.186163230303
569, 961, 0.043107296741
569, 962, 0.643983215508
569, 963, 0.362145950359
570, 961, 0.781757642604
570, 962, 0.893652468104
570, 963, 0.900249612694
571, 961, 0.780138637244
571, 962, 0.346936304977
571, 963, 0.502033351453
572, 961, 0.626265701065
572, 962, 0.434658919163
572, 963, 0.439101968011
573, 961, 0.405123679477
573, 962, 0.928227694502
573, 963, 0.902039799679
574, 961, 0.492356293433
574, 962, 0.669199528897
574, 963, 0.299888245289
575, 961, 0.307320670984
575, 962, 0.204877564811
575, 963, 0.358187150336
576, 961, 0.574003063777
576, 962, 0.40843733812
576, 963, 0.707299212536
577, 961, 0.361236405453
577, 962, 0.419600233944
577, 963, 0.675720156256
578, 961, 0.37880248911
578, 962, 0.756204813127
578, 963, 0.935065199206
579, 961, 0.963598263988
579, 962, 0.886746520473
579, 963, 0.982531465135
580, 961, 0.447484264588
580, 962, 0.873740447419
580, 963, 0.247589785707
581, 961, 0.0668387685432
581, 962, 0.442347288572
581, 963, 0.550089195196
582, 961, 0.924602432768
582, 962, 0.657805612363
582, 963, 0.704906093459
583, 961, 0.602421399651
583, 962, 0.154201263386
583, 963, 0.403254472164
584, 961, 0.649537004428
584, 962, 0.162025678247
584, 963, 0.105213212145
585, 961, 0.999501937919
585, 962, 0.206813697594
585, 963, 0.243387584783
586, 961, 0.407086796182
586, 962, 0.731493591831
586, 963, 0.551584956254
587, 961, 0.743916761849
587, 962, 0.143878358123
587, 963, 0.782907256131
588, 961, 0.21238773452
588, 962, 0.597854514213
588, 963, 0.709332115614
589, 961, 0.114350634895
589, 962, 0.315121476522
589, 963, 0.886430455063
590, 961, 0.36232588032
590, 962, 0.690953820246
590, 963, 0.85676324302
591, 961, 0.499025981404
591, 962, 0.602965545838
591, 963, 0.515473448595
592, 961, 0.0366254736112
592, 962, 0.25952750494
592, 963, 0.496784017612
593, 961, 0.393196735019
593, 962, 0.360309726698
593, 963, 0.783600364945
594, 961, 0.406001132597
594, 962, 0.869596809739
594, 963, 0.729373479226
595, 961, 0.892248821677
595, 962, 0.308189621984
595, 963, 0.289587234235
596, 961, 0.836063926781
596, 962, 0.0411367486155
596, 963, 0.761154049326
597, 961, 0.596636040681
597, 962, 0.4438726642
597, 963, 0.00311834386912
598, 961, 0.401005925627
598, 962, 0.440835503221
598, 963, 0.718309085131
599, 961, 0.358453303347
599, 962, 0.749839961197
599, 963, 0.938021204104
600, 961, 0.516619415138
600, 962, 0.926727111823
600, 963, 0.604581607886
601, 961, 0.423207214353
601, 962, 0.488279176042
601, 963, 0.62335672934
602, 961, 0.78445036441
602, 962, 0.971867089747
602, 963, 0.0725396162597
603, 961, 0.548009110726
603, 962, 0.908154189623
603, 963, 0.192550284889
604, 961, 0.299228571663
604, 962, 0.803223244212
604, 963, 0.00572748913658
605, 961, 0.643563370135
605, 962, 0.911858660966
605, 963, 0.617585524107
606, 961, 0.955478858219
606, 962, 0.335864157901
606, 963, 0.56123588158
607, 961, 0.798603041986
607, 962, 0.402451613612
607, 963, 0.064014747336
608, 961, 0.851412339105
608, 962, 0.747461392092
608, 963, 0.452848693407
609, 961, 0.38708484751
609, 962, 0.131499610607
609, 963, 0.0648161468203
610, 961, 0.686716420828
610, 962, 0.135673857196
610, 963, 0.213920821823
611, 961, 0.852410540549
611, 962, 0.882326549297
611, 963, 0.433255086123
612, 961, 0.923385101023
612, 962, 0.386926485152
612, 963, 0.318252941475
613, 961, 0.338863996061
613, 962, 0.419959470924
613, 963, 0.911383292783
614, 961, 0.746546722702
614, 962, 0.963276693892
614, 963, 0.980583379243
615, 961, 0.699155379992
615, 962, 0.137442995618
615, 963, 0.133210950595
616, 961, 0.572523545349
616, 962, 0.158508764447
616, 963, 0.866979041584
617, 961, 0.513995243324
617, 962, 0.608749461035
617, 963, 0.536665522098
618, 961, 0.924390120222
618, 962, 0.78268542993
618, 963, 0.520039550489
619, 961, 0.979298309852
619, 962, 0.681073123064
619, 963, 0.984139579096
620, 961, 0.572693608596
620, 962, 0.339746574612
620, 963, 0.879588632639
621, 961, 0.0524012280717
621, 962, 0.141811518592
621, 963, 0.868029801246
622, 961, 0.969196818829
622, 962, 0.748541539499
622, 963, 0.0421600217032
623, 961, 0.163224318718
623, 962, 0.867916382156
623, 963, 0.231696378418
624, 961, 0.754001090981
624, 962, 0.515490906875
624, 963, 0.504685364386
625, 961, 0.544718536649
625, 962, 0.0254974195114
625, 963, 0.474409288963
626, 961, 0.601408424606
626, 962, 0.362751691696
626, 963, 0.520810862128
627, 961, 0.0643668862586
627, 962, 0.294218367439
627, 963, 0.526723406453
628, 961, 0.3281844715
628, 962, 0.813061978352
628, 963, 0.819837351683
629, 961, 0.706632579365
629, 962, 0.694043927033
629, 963, 0.948013848259
630, 961, 0.171862666746
630, 962, 0.224979291195
630, 963, 0.492001184455
631, 961, 0.167634653744
631, 962, 0.249111858523
631, 963, 0.890190457975
632, 961, 0.116967158997
632, 962, 0.511868028009
632, 963, 0.461044328426
633, 961, 0.810299159507
633, 962, 0.216691299385
633, 963, 0.0622628623091
634, 961, 0.749048137147
634, 962, 0.915609088344
634, 963, 0.244565198147
635, 961, 0.873559283347
635, 962, 0.577428763531
635, 963, 0.64366661467
636, 961, 0.312533729307
636, 962, 0.615878362869
636, 963, 0.271819381336
637, 961, 0.982208315587
637, 962, 0.998769204278
637, 963, 0.414416089225
638, 961, 0.957717627729
638, 962, 0.929949692832
638, 963, 0.297956307634
639, 961, 0.196562563716
639, 962, 0.315816170682
639, 963, 0.283532417999
640, 961, 0.963347540542
640, 962, 0.819845034787
640, 963, 0.940558389948
641, 961, 0.114868326672
641, 962, 0.500367814378
641, 963, 0.418547277888
642, 961, 0.772244152975
642, 962, 0.79856609401
642, 963, 0.352975137905
643, 961, 0.985562641263
643, 962, 0.661346544088
643, 963, 0.639478312152
644, 961, 0.582696531699
644, 962, 0.324929988983
644, 963, 0.695904599048
645, 961, 0.809903918099
645, 962, 0.982774545432
645, 963, 0.599373523393
646, 961, 0.1456198303
646, 962, 0.28707346287
646, 963, 0.92017373888
647, 961, 0.366941523626
647, 962, 0.472583729476
647, 963, 0.576798656751
648, 961, 0.539588905107
648, 962, 0.292523773908
648, 963, 0.53859199066
649, 961, 0.0442277311474
649, 962, 0.96059496125
649, 963, 0.797495917079
650, 961, 0.526146364981
650, 962, 0.157420188168
650, 963, 0.700789577104
651, 961, 0.31512762794
651, 962, 0.223347688392
651, 963, 0.992334009762
652, 961, 0.185716830587
652, 962, 0.83974054861
652, 963, 0.380000128645
653, 961, 0.560229125276
653, 962, 0.814844790731
653, 963, 0.721300474354
654, 961, 0.426798615314
654, 962, 0.338472942181
654, 963, 0.0672530426996
655, 961, 0.431222950252
655, 962, 0.041119023592
655, 963, 0.427784021536
656, 961, 0.354838918125
656, 962, 0.199611591105
656, 963, 0.556267743714
657, 961, 0.971535852197
657, 962, 0.993862912675
657, 963, 0.596818245713
658, 961, 0.380534704415
658, 962, 0.29717199306
658, 963, 0.984525783487
659, 961, 0.14319740683
659, 962, 0.302270831186
659, 963, 0.725370476642
660, 961, 0.84050301034
660, 962, 0.87480547795
660, 963, 0.86909048885
661, 961, 0.645365523873
661, 962, 0.355751750563
661, 963, 0.579799653195
662, 961, 0.696246294124
662, 962, 0.410973147438
662, 963, 0.218672113236
663, 961, 0.880926152004
663, 962, 0.414790861962
663, 963, 0.00166474034895
664, 961, 0.620183758568
664, 962, 0.986309277994
664, 963, 0.897911616658
665, 961, 0.143410730612
665, 962, 0.244953243703
665, 963, 0.263883377349
666, 961, 0.384483939637
666, 962, 0.303140172037
666, 963, 0.819560012481
667, 961, 0.67313885763
667, 962, 0.264229914927
667, 963, 0.211996752073
668, 961, 0.0880287060121
668, 962, 0.337084019776
668, 963, 0.25998965069
669, 961, 0.476017798633
669, 962, 0.03120904723
669, 963, 0.656469533976
670, 961, 0.0932086706142
670, 962, 0.70350015972
670, 963, 0.455518907624
671, 961, 0.776168774521
671, 962, 0.790905552258
671, 963, 0.895587094911
672, 961, 0.598697683677
672, 962, 0.95507862103
672, 963, 0.349075915949
673, 961, 0.821067778928
673, 962, 0.860352548421
673, 963, 0.687252681427
674, 961, 0.388415730064
674, 962, 0.0124535859269
674, 963, 0.420320173758
675, 961, 0.249587434855
675, 962, 0.163076957431
675, 963, 0.311625024199
676, 961, 0.739003941319
676, 962, 0.147226090357
676, 963, 0.76109234292
677, 961, 0.423020461279
677, 962, 0.0350295755742
677, 963, 0.174648698022
678, 961, 0.816030179088
678, 962, 0.656548683567
678, 963, 0.493532319942
679, 961, 0.454490938085
679, 962, 0.164463641777
679, 963, 0.318192212345
680, 961, 0.724934369157
680, 962, 0.736488762772
680, 963, 0.948477091434
681, 961, 0.876888458572
681, 962, 0.947498149927
681, 963, 0.145812991082
682, 961, 0.703635518631
682, 962, 0.199481051638
682, 963, 0.482272149252
683, 961, 0.270529283867
683, 962, 0.783210042785
683, 963, 0.134543692484
684, 961, 0.855523144293
684, 962, 0.437894588552
684, 963, 0.566775155914
685, 961, 0.15276036303
685, 962, 0.440906748237
685, 963, 0.497646247136
686, 961, 0.12971260235
686, 962, 0.754790866206
686, 963, 0.202031311708
687, 961, 0.556949439039
687, 962, 0.934092738049
687, 963, 0.470932113988
688, 961, 0.855520030406
688, 962, 0.972983373055
688, 963, 0.931973415757
689, 961, 0.727635783258
689, 962, 0.570383236782
689, 963, 0.174063014287
690, 961, 0.444638800148
690, 962, 0.611369455678
690, 963, 0.027662828986
691, 961, 0.73813445639
691, 962, 0.869121820771
691, 963, 0.144119619922
692, 961, 0.669499555833
692, 962, 0.633134735154
692, 963, 0.826529433878
693, 961, 0.408531820266
693, 962, 0.45539015515
693, 963, 0.852225134895
694, 961, 0.503122721014
694, 962, 0.549971590763
694, 963, 0.028205353203
695, 961, 0.422365852515
695, 962, 0.816208553041
695, 963, 0.0097290095987
696, 961, 0.215221638545
696, 962, 0.712024841635
696, 963, 0.417727205662
697, 961, 0.172268180531
697, 962, 0.348124983982
697, 963, 0.377356487211
698, 961, 0.628702338088
698, 962, 0.151178546889
698, 963, 0.945577146663
699, 961, 0.467387049366
699, 962, 0.743326645122
699, 963, 0.00942694334679
700, 961, 0.157348730783
700, 962, 0.205395178953
700, 963, 0.320616459561
701, 961, 0.829573903724
701, 962, 0.96069336246
701, 963, 0.804375152105
702, 961, 0.399825160514
702, 962, 0.355089707374
702, 963, 0.0900195887975
703, 961, 0.193768068691
703, 962, 0.95015361196
703, 963, 0.690374183061
704, 961, 0.896724254445
704, 962, 0.526124407149
704, 963, 0.00657885296876
705, 961, 0.0691106282133
705, 962, 0.247362291765
705, 963, 0.44720226986
706, 961, 0.74666874767
706, 962, 0.269986292236
706, 963, 0.447741783112
707, 961, 0.954394203591
707, 962, 0.443491228688
707, 963, 0.689811770528
708, 961, 0.0473350142295
708, 962, 0.791624693212
708, 963, 0.669573269657
709, 961, 0.350073578557
709, 962, 0.354619306595
709, 963, 0.0559512900129
710, 961, 0.248917407798
710, 962, 0.090067748301
710, 963, 0.471048893527
711, 961, 0.563494251672
711, 962, 0.327640407307
711, 963, 0.951636854227
712, 961, 0.835038686907
712, 962, 0.302523315753
712, 963, 0.228006402023
713, 961, 0.481266664352
713, 962, 0.422657917905
713, 963, 0.492297055366
714, 961, 0.843401885914
714, 962, 0.273135329799
714, 963, 0.339435536191
715, 961, 0.484706058667
715, 962, 0.593083411381
715, 963, 0.603691816271
716, 961, 0.647049270046
716, 962, 0.29110187772
716, 963, 0.295109623159
717, 961, 0.444175802587
717, 962, 0.355162990342
717, 963, 0.0633160629481
718, 961, 0.394989305333
718, 962, 0.376080315486
718, 963, 0.528201503718
719, 961, 0.375363533975
719, 962, 0.18595634821
719, 963, 0.33655128713
720, 961, 0.874878426247
720, 962, 0.463424019683
720, 963, 0.428099310075
721, 961, 0.539139314757
721, 962, 0.655048966716
721, 963, 0.556682541896
722, 961, 0.962033631561
722, 962, 0.186747275419
722, 963, 0.507229512113
723, 961, 0.0346854941022
723, 962, 0.519077408857
723, 963, 0.524296477762
724, 961, 0.532460806365
724, 962, 0.639669638004
724, 963, 0.692184677294
725, 961, 0.693137305658
725, 962, 0.327493263814
725, 963, 0.243377057748
726, 961, 0.557978421509
726, 962, 0.826779009683
726, 963, 0.664901914643
727, 961, 0.936603148331
727, 962, 0.861000829156
727, 963, 0.709660472975
728, 961, 0.637352657679
728, 962, 0.785220289335
728, 963, 0.250483372476
729, 961, 0.0406001294965
729, 962, 0.329880953392
729, 963, 0.674261673045
730, 961, 0.840731668336
730, 962, 0.305338557768
730, 963, 0.0455805627038
731, 961, 0.0129394215877
731, 962, 0.915898803294
731, 963, 0.867598204518
732, 961, 0.0719712425705
732, 962, 0.0915960305111
732, 963, 0.901134214843
733, 961, 0.4167054822
733, 962, 0.682145760705
733, 963, 0.909840446962
734, 961, 0.462292742653
734, 962, 0.268519941532
734, 963, 0.0745142338937
735, 961, 0.697528652728
735, 962, 0.58557035033
735, 963, 0.700549287968
736, 961, 0.649914793205
736, 962, 0.605986828097
736, 963, 0.137402734795
737, 961, 0.159561638462
737, 962, 0.195868129592
737, 963, 0.673066854374
738, 961, 0.496358531257
738, 962, 0.140085973701
738, 963, 0.973624909621
739, 961, 0.53267345811
739, 962, 0.997918314582
739, 963, 0.673138322671
740, 961, 0.244869883142
740, 962, 0.484878393283
740, 963, 0.185655166933
741, 961, 0.854978493207
741, 962, 0.608458906569
741, 963, 0.975030558761
742, 961, 0.357696797838
742, 962, 0.520241374907
742, 963, 0.109550951226
743, 961, 0.062324265463
743, 962, 0.499192652487
743, 963, 0.127538702668
744, 961, 0.221402778983
744, 962, 0.56121926668
744, 963, 0.0132934793936
745, 961, 0.809923329704
745, 962, 0.0328061049409
745, 963, 0.41006270082
746, 961, 0.895944134858
746, 962, 0.788833598798
746, 963, 0.594902277809
747, 961, 0.717604942445
747, 962, 0.229753708134
747, 963, 0.708596766261
748, 961, 0.0999773372748
748, 962, 0.472018744619
748, 963, 0.992209928782
749, 961, 0.109130513999
749, 962, 0.604644038676
749, 963, 0.90884214232
750, 961, 0.537373600778
750, 962, 0.918232148328
750, 963, 0.708449503995
751, 961, 0.940088949876
751, 962, 0.884611613682
751, 963, 0.343391503006
752, 961, 0.458497775481
752, 962, 0.900005854105
752, 963, 0.98765909825
753, 961, 0.241038407694
753, 962, 0.0620937172426
753, 963, 0.166685992744
754, 961, 0.386277432506
754, 962, 0.320091114546
754, 963, 0.119341083981
755, 961, 0.832386352151
755, 962, 0.731691761991
755, 963, 0.00570358481952
756, 961, 0.989027356345
756, 962, 0.177632433834
756, 963, 0.671821076665
757, 961, 0.87548558266
757, 962, 0.37733667341
757, 963, 0.0688157301048
758, 961, 0.652020454139
758, 962, 0.373703670584
758, 963, 0.634287161206
759, 961, 0.801219447219
759, 962, 0.300075134496
759, 963, 0.653373036408
760, 961, 0.0198128663799
760, 962, 0.761733172776
760, 963, 0.792972001376
761, 961, 0.160738598976
761, 962, 0.301167406329
761, 963, 0.743663554604
762, 961, 0.0564071767369
762, 962, 0.364420321713
762, 963, 0.423268304932
763, 961, 0.785229805654
763, 962, 0.0788073011204
763, 963, 0.134664444963
764, 961, 0.493680922004
764, 962, 0.71803933126
764, 963, 0.0769844543209
765, 961, 0.204470213621
765, 962, 0.236609092606
765, 963, 0.36689485242
766, 961, 0.532068419451
766, 962, 0.318724713814
766, 963, 0.747299996161
767, 961, 0.348460310714
767, 962, 0.153933572901
767, 963, 0.136188163691
768, 961, 0.88556259532
768, 962, 0.0226985471644
768, 963, 0.976075751028
769, 961, 0.0947746207174
769, 962, 0.338770995908
769, 963, 0.478521495262
770, 961, 0.859678926666
770, 962, 0.908954372537
770, 963, 0.281898125962
771, 961, 0.545113863625
771, 962, 0.606225430228
771, 963, 0.152739543271
772, 961, 0.759232186306
772, 962, 0.900793747196
772, 963, 0.687851135172
773, 961, 0.489879604632
773, 962, 0.0633386098391
773, 963, 0.938450389179
774, 961, 0.712439675399
774, 962, 0.326080501945
774, 963, 0.509572628472
775, 961, 0.456543756895
775, 962, 0.0315336765361
775, 963, 0.303734698029
776, 961, 0.355425517474
776, 962, 0.731610438627
776, 963, 0.0872177080001
777, 961, 0.37838777311
777, 962, 0.119713823371
777, 963, 0.901712014915
778, 961, 0.245319106708
778, 962, 0.15805747042
778, 963, 0.0174124927229
779, 961, 0.085096970144
779, 962, 0.500249081278
779, 963, 0.93280404544
780, 961, 0.747913514163
780, 962, 0.537420455585
780, 963, 0.396139440106
781, 961, 0.68190269054
781, 962, 0.3774178739
781, 963, 0.871689298411
782, 961, 0.796486773757
782, 962, 0.821760729884
782, 963, 0.856593126762
783, 961, 0.345273461531
783, 962, 0.341904561704
783, 963, 0.882535378356
784, 961, 0.523525146027
784, 962, 0.296386052773
784, 963, 0.177758172999
785, 961, 0.862155609629
785, 962, 0.483793049459
785, 963, 0.605682228532
786, 961, 0.282504992985
786, 962, 0.927954574853
786, 963, 0.49005072822
787, 961, 0.632903850601
787, 962, 0.369181627427
787, 963, 0.506737064827
788, 961, 0.971513386468
788, 962, 0.420739719562
788, 963, 0.675102197276
789, 961, 0.871543650216
789, 962, 0.911005059581
789, 963, 0.803997905438
790, 961, 0.0427477482481
790, 962, 0.426419990813
790, 963, 0.51082856672
791, 961, 0.253452474134
791, 962, 0.732483089828
791, 963, 0.133482964986
792, 961, 0.572021852091
792, 962, 0.69099949787
792, 963, 0.199797158965
793, 961, 0.967311626288
793, 962, 0.801005219757
793, 963, 0.511336083959
794, 961, 0.263909169373
794, 962, 0.133083935556
794, 963, 0.307606120686
795, 961, 0.00683936496089
795, 962, 0.168692083643
795, 963, 0.205057220772
796, 961, 0.819321077285
796, 962, 0.799648894694
796, 963, 0.624335955329
797, 961, 0.213317588009
797, 962, 0.845176637151
797, 963, 0.744423781704
798, 961, 0.535612301374
798, 962, 0.588858254854
798, 963, 0.771707561023
799, 961, 0.339220763528
799, 962, 0.22945979245
799, 963, 0.763612343634
800, 961, 0.0496627239082
800, 962, 0.0901544192698
800, 963, 0.703016523607
801, 961, 0.0996022748759
801, 962, 0.257635850495
801, 963, 0.973788936816
802, 961, 0.188127950004
802, 962, 0.32525640061
802, 963, 0.941831075483
803, 961, 0.447198253233
803, 962, 0.398773319089
803, 963, 0.117190756364
804, 961, 0.606571712736
804, 962, 0.320741403471
804, 963, 0.771253158651
805, 961, 0.19615615344
805, 962, 0.87220195784
805, 963, 0.66730591413
806, 961, 0.397949169672
806, 962, 0.537522826854
806, 963, 0.152992198277
807, 961, 0.0252288717515
807, 962, 0.349489188145
807, 963, 0.313233765506
808, 961, 0.649158220299
808, 962, 0.490493099016
808, 963, 0.69145139287
809, 961, 0.340371419214
809, 962, 0.389349731706
809, 963, 0.476263124081
810, 961, 0.837126146579
810, 962, 0.382367402136
810, 963, 0.530635802305
811, 961, 0.0146546684536
811, 962, 0.677693488144
811, 963, 0.481850017593
812, 961, 0.470138403452
812, 962, 0.997156031369
812, 963, 0.0946801461394
813, 961, 0.722093288242
813, 962, 0.877029510575
813, 963, 0.384885439834
814, 961, 0.799845265519
814, 962, 0.140175655556
814, 963, 0.751628062295
815, 961, 0.805133390373
815, 962, 0.0859194705869
815, 963, 0.54513561466
816, 961, 0.280341349446
816, 962, 0.6613470706
816, 963, 0.923546499359
817, 961, 0.97595086381
817, 962, 0.234955287352
817, 963, 0.184271210192
818, 961, 0.417459208285
818, 962, 0.810636476661
818, 963, 0.869663879247
819, 961, 0.105276892017
819, 962, 0.311086070927
819, 963, 0.125200367961
820, 961, 0.809331072134
820, 962, 0.263706778505
820, 963, 0.886221221897
821, 961, 0.466400297471
821, 962, 0.0188102526655
821, 963, 0.515813059748
822, 961, 0.588518387224
822, 962, 0.951533354521
822, 963, 0.820950564902
823, 961, 0.232371657573
823, 962, 0.181822832126
823, 963, 0.873616436647
824, 961, 0.475446168832
824, 962, 0.80612564516
824, 963, 0.00397675918098
825, 961, 0.764807335475
825, 962, 0.206996518734
825, 963, 0.733639075091
826, 961, 0.50277507379
826, 962, 0.775076263193
826, 963, 0.564082215393
827, 961, 0.725550589044
827, 962, 0.338099457286
827, 963, 0.0691297350705
828, 961, 0.130832674462
828, 962, 0.247445042132
828, 963, 0.776427058427
829, 961, 0.455338857585
829, 962, 0.616079371135
829, 963, 0.708896740177
830, 961, 0.484645128053
830, 962, 0.950187346935
830, 963, 0.177962693906
831, 961, 0.143470246267
831, 962, 0.728479118042
831, 963, 0.155424454722
832, 961, 0.219997663036
832, 962, 0.158957771601
832, 963, 0.591746311618
833, 961, 0.163368010522
833, 962, 0.938297984734
833, 963, 0.0860945177538
834, 961, 0.200119133763
834, 962, 0.770767281322
834, 963, 0.0429143575552
835, 961, 0.231683351894
835, 962, 0.142590639457
835, 963, 0.588169778472
836, 961, 0.774490991918
836, 962, 0.744580361209
836, 963, 0.082273025666
837, 961, 0.435913090555
837, 962, 0.840663985491
837, 963, 0.952028486194
838, 961, 0.178303445784
838, 962, 0.832990859827
838, 963, 0.275877025475
839, 961, 0.260314768046
839, 962, 0.401437766681
839, 963, 0.361170128462
840, 961, 0.147512404759
840, 962, 0.833083252573
840, 963, 0.524882945717
841, 961, 0.112447468631
841, 962, 0.256227021054
841, 963, 0.632672906095
842, 961, 0.0590928426189
842, 962, 0.212255712664
842, 963, 0.492656704363
843, 961, 0.280343668615
843, 962, 0.175775857807
843, 963, 0.852619003816
844, 961, 0.118573786018
844, 962, 0.0857227040806
844, 963, 0.552856860384
845, 961, 0.531623642278
845, 962, 0.93138839463
845, 963, 0.701859993559
846, 961, 0.401997927659
846, 962, 0.608874066676
846, 963, 0.851224242712
847, 961, 0.682387255937
847, 962, 0.548725732577
847, 963, 0.573515287211
848, 961, 0.137372053441
848, 962, 0.00527223346613
848, 963, 0.823167432532
849, 961, 0.128812850239
849, 962, 0.187892374543
849, 963, 0.706098928677
850, 961, 0.224213498699
850, 962, 0.353057163978
850, 963, 0.0786295358776
851, 961, 0.612190870049
851, 962, 0.597292501345
851, 963, 0.30522580707
852, 961, 0.964883711793
852, 962, 0.341045495008
852, 963, 0.378203493338
853, 961, 0.976251265799
853, 962, 0.713654801267
853, 963, 0.582689792625
854, 961, 0.611563415079
854, 962, 0.806384780899
854, 963, 0.647101068436
855, 961, 0.507024745892
855, 962, 0.897039625218
855, 963, 0.6294954399
856, 961, 0.487917685259
856, 962, 0.359038906515
856, 963, 0.644142563659
857, 961, 0.602753135471
857, 962, 0.534146165702
857, 963, 0.701909161069
858, 961, 0.869652328293
858, 962, 0.0661622916912
858, 963, 0.725972026175
859, 961, 0.147206873567
859, 962, 0.58126551574
859, 963, 0.680268816438
860, 961, 0.778856038189
860, 962, 0.716296004638
860, 963, 0.468978012274
861, 961, 0.279168327903
861, 962, 0.663742420955
861, 963, 0.741220765327
862, 961, 0.513542895709
862, 962, 0.918730076468
862, 963, 0.544256609065
863, 961, 0.464429460667
863, 962, 0.743406213712
863, 963, 0.0467242123926
864, 961, 0.74768333043
864, 962, 0.541639656361
864, 963, 0.086869307517
865, 961, 0.97911395626
865, 962, 0.634030147424
865, 963, 0.894782521875
866, 961, 0.807275526921
866, 962, 0.137825553576
866, 963, 0.358135159823
867, 961, 0.881858545506
867, 962, 0.623133495412
867, 963, 0.947606554922
868, 961, 0.374694883426
868, 962, 0.73657277235
868, 963, 0.0474128806058
869, 961, 0.522146966643
869, 962, 0.472849076511
869, 963, 0.657222400267
870, 961, 0.282976960261
870, 962, 0.51238775977
870, 963, 0.641533362822
871, 961, 0.311116842771
871, 962, 0.899265919944
871, 963, 0.878149160902
872, 961, 0.0443376787361
872, 962, 0.00464949130264
872, 963, 0.999635312499
873, 961, 0.669622352827
873, 962, 0.400327210575
873, 963, 0.376188402049
874, 961, 0.113573816253
874, 962, 0.323363837167
874, 963, 0.849167651641
875, 961, 0.513832057579
875, 962, 0.941603745473
875, 963, 0.75982105644
876, 961, 0.2796499316
876, 962, 0.584337659049
876, 963, 0.66190427326
877, 961, 0.139756460205
877, 962, 0.0663203821265
877, 963, 0.0789219443864
878, 961, 0.587807646977
878, 962, 0.550778074141
878, 963, 0.734730485883
879, 961, 0.339193920699
879, 962, 0.595445140443
879, 963, 0.0283942027161
880, 961, 0.869744503475
880, 962, 0.98811784195
880, 963, 0.215964757773
881, 961, 0.772783576301
881, 962, 0.412238128519
881, 963, 0.35100366106
882, 961, 0.813429033588
882, 962, 0.915006266925
882, 963, 0.705106008237
883, 961, 0.716251006384
883, 962, 0.171766873604
883, 963, 0.961267664045
884, 961, 0.576257289286
884, 962, 0.943139716062
884, 963, 0.395267537837
885, 961, 0.798641180805
885, 962, 0.648076764816
885, 963, 0.0482121457348
886, 961, 0.555280171053
886, 962, 0.37438896947
886, 963, 0.742479347949
887, 961, 0.815103781026
887, 962, 0.906578474615
887, 963, 0.0777707982219
888, 961, 0.570232968542
888, 962, 0.937096512543
888, 963, 0.408043138922
889, 961, 0.321691438594
889, 962, 0.202173042412
889, 963, 0.658598843155
890, 961, 0.151020031147
890, 962, 0.910645418731
890, 963, 0.451911499538
891, 961, 0.796652745214
891, 962, 0.529455846429
891, 963, 0.135144227105
892, 961, 0.570741153277
892, 962, 0.207673895524
892, 963, 0.120212386149
893, 961, 0.659672724768
893, 962, 0.128303233079
893, 963, 0.606637705456
894, 961, 0.608467545652
894, 962, 0.758250684798
894, 963, 0.392537498911
895, 961, 0.760977142615
895, 962, 0.700640280587
895, 963, 0.954136201245
896, 961, 0.196077740349
896, 962, 0.799670881761
896, 963, 0.407887057845
897, 961, 0.612307812555
897, 962, 0.677037624711
897, 963, 0.380567421161
898, 961, 0.127146296522
898, 962, 0.921380477605
898, 963, 0.669953332399
899, 961, 0.0971058722795
899, 962, 0.0532602830749
899, 963, 0.126129128862
900, 961, 0.0724581211041
900, 962, 0.45950050795
900, 963, 0.481757740152
901, 961, 0.173408642068
901, 962, 0.0521582555152
901, 963, 0.795129541615
902, 961, 0.979950865731
902, 962, 0.706335273876
902, 963, 0.446894755091
903, 961, 0.841732591237
903, 962, 0.420440090903
903, 963, 0.0473303889168
904, 961, 0.789467681115
904, 962, 0.489375964604
904, 963, 0.0931454746002
905, 961, 0.749332360972
905, 962, 0.528395684385
905, 963, 0.836850553387
906, 961, 0.369986664499
906, 962, 0.199861777671
906, 963, 0.140546361583
907, 961, 0.100983293182
907, 962, 0.575160982904
907, 963, 0.438528861796
908, 961, 0.806798207615
908, 962, 0.369761785156
908, 963, 0.897714932758
909, 961, 0.135189932488
909, 962, 0.903502495969
909, 963, 0.0416965180631
910, 961, 0.8370229848
910, 962, 0.782391430104
910, 963, 0.906881861619
911, 961, 0.693372199338
911, 962, 0.444332554516
911, 963, 0.558363129778
912, 961, 0.666496928754
912, 962, 0.0918810465902
912, 963, 0.631555599658
913, 961, 0.685279586767
913, 962, 0.162908351664
913, 963, 0.331524762501
914, 961, 0.111352150672
914, 962, 0.849511129297
914, 963, 0.317871752052
915, 961, 0.50076882604
915, 962, 0.702956976186
915, 963, 0.00296145303631
916, 961, 0.203660446926
916, 962, 0.477689701391
916, 963, 0.804691222456
917, 961, 0.106573092389
917, 962, 0.866108689908
917, 963, 0.946774519272
918, 961, 0.058199975889
918, 962, 0.0936911248801
918, 963, 0.659700312436
919, 961, 0.475319336768
919, 962, 0.576364883413
919, 963, 0.0935698565158
920, 961, 0.321290119246
920, 962, 0.270356613117
920, 963, 0.838372753934
921, 961, 0.749608177322
921, 962, 0.440616461915
921, 963, 0.0164353945354
922, 961, 0.243768718856
922, 962, 0.987724029176
922, 963, 0.816901361964
923, 961, 0.766674892359
923, 962, 0.366005919264
923, 963, 0.15641268344
924, 961, 0.165249841594
924, 962, 0.887504132113
924, 963, 0.732575696792
925, 961, 0.950061765556
925, 962, 0.434298195934
925, 963, 0.222740835055
926, 961, 0.725026355811
926, 962, 0.898430987396
926, 963, 0.411842139765
927, 961, 0.475117538062
927, 962, 0.758355154749
927, 963, 0.525528774826
928, 961, 0.40711951046
928, 962, 0.138350358204
928, 963, 0.948825085809
929, 961, 0.733561946136
929, 962, 0.564845749268
929, 963, 0.372430800258
930, 961, 0.501869289339
930, 962, 0.0973887499513
930, 963, 0.256437456166
931, 961, 0.117584950298
931, 962, 0.571363177207
931, 963, 0.914759473698
932, 961, 0.866205161744
932, 962, 0.462591545831
932, 963, 0.293569875908
933, 961, 0.352777126559
933, 962, 0.350438780051
933, 963, 0.241282440311
934, 961, 0.957925734392
934, 962, 0.675685551705
934, 963, 0.80552904136
935, 961, 0.679349037905
935, 962, 0.923148975329
935, 963, 0.524761704658
936, 961, 0.537441282494
936, 962, 0.696549448693
936, 963, 0.666300458611
937, 961, 0.0313495881316
937, 962, 0.313521230367
937, 963, 0.326057569139
938, 961, 0.91672247185
938, 962, 0.236676679467
938, 963, 0.966441971158
939, 961, 0.897193122091
939, 962, 0.591065605547
939, 963, 0.726787722728
940, 961, 0.642166036016
940, 962, 0.546365860072
940, 963, 0.242890470325
941, 961, 0.422703790149
941, 962, 0.651346109547
941, 963, 0.924984157047
942, 961, 0.55657952379
942, 962, 0.508725651128
942, 963, 0.410602460379
943, 961, 0.399952824558
943, 962, 0.749330659519
943, 963, 0.709632609395
944, 961, 0.533210267301
944, 962, 0.0232640516771
944, 963, 0.0301915920081
945, 961, 0.540148277112
945, 962, 0.350068695772
945, 963, 0.35051013578
946, 961, 0.801680417904
946, 962, 0.855435577251
946, 963, 0.962096827518
947, 961, 0.688075987714
947, 962, 0.73946934732
947, 963, 0.780155827042
948, 961, 0.161555879177
948, 962, 0.953696105519
948, 963, 0.886656981297
949, 961, 0.604975483773
949, 962, 0.812120290057
949, 963, 0.650361007698
950, 961, 0.750539884274
950, 962, 0.568408148949
950, 963, 0.122034544907
951, 961, 0.488987723473
951, 962, 0.869348829136
951, 963, 0.820507013037
952, 961, 0.0544981150871
952, 962, 0.337888280351
952, 963, 0.170687812209
953, 961, 0.807483280807
953, 962, 0.754708114581
953, 963, 0.0808249469442
954, 961, 0.797615711645
954, 962, 0.226667368914
954, 963, 0.437935698691
955, 961, 0.506696764842
955, 962, 0.163904664908
955, 963, 0.774400405825
956, 961, 0.935345240454
956, 962, 0.0875791353888
956, 963, 0.298195284087
957, 961, 0.3277003424
957, 962, 0.461188504655
957, 963, 0.442012158766
958, 961, 0.974946529387
958, 962, 0.253522557077
958, 963, 0.401612412223
959, 961, 0.32696039062
959, 962, 0.0419308537482
959, 963, 0.885032028639
960, 961, 0.900371968648
960, 962, 0.649633134769
960, 963, 0.137813138143
