0, 961, 0.335034663245
0, 962, 0.469906273006
0, 963, 0.0761852122142
1, 961, 0.0235066365143
1, 962, 0.133054891718
1, 963, 0.0790175301545
2, 961, 0.949928887604
2, 962, 0.558694840577
2, 963, 0.685405497283
3, 961, 0.681202725161
3, 962, 0.57892135745
3, 963, 0.0390334865301
4, 961, 0.06009803593
4, 962, 0.574553094593
4, 963, 0.914622479011
5, 961, 0.441096614928
5, 962, 0.516592968836
5, 963, 0.0222552879243
6, 961, 0.00291534763773
6, 962, 0.848938483671
6, 963, 0.631291902445
7, 961, 0.523852484348
7, 962, 0.0530945290031
7, 963, 0.465223498362
8, 961, 0.725552978273
8, 962, 0.670436300449
8, 963, 0.896652074161
9, 961, 0.531964175319
9, 962, 0.628290777014
9, 963, 0.597990973683
10, 961, 0.0632515051895
10, 962, 0.63674182896
10, 963, 0.267778211556
11, 961, 0.316295780169
11, 962, 0.14409891122
11, 963, 0.511446955212
12, 961, 0.165503836186
12, 962, 0.460423423577
12, 963, 0.600949227072
13, 961, 0.469446362592
13, 962, 0.377033254624
13, 963, 0.860538361102
14, 961, 0.75770027091
14, 962, 0.324521452695
14, 963, 0.855153323536
15, 961, 0.0556397229154
15, 962, 0.17962757762
15, 963, 0.914911475526
16, 961, 0.272390381859
16, 962, 0.314212654064
16, 963, 0.699667497288
17, 961, 0.886252114329
17, 962, 0.451121015721
17, 963, 0.350169502355
18, 961, 0.219173483762
18, 962, 0.903359828435
18, 963, 0.0288928682722
19, 961, 0.729041541102
19, 962, 0.704199146262
19, 963, 0.348675818458
20, 961, 0.91599763243
20, 962, 0.806054966499
20, 963, 0.56851357538
21, 961, 0.08191354067
21, 962, 0.601099253926
21, 963, 0.825433918222
22, 961, 0.878448110107
22, 962, 0.899637042539
22, 963, 0.749620121375
23, 961, 0.00361773536238
23, 962, 0.201031463435
23, 963, 0.188864141109
24, 961, 0.61518315057
24, 962, 0.800173873659
24, 963, 0.990918646798
25, 961, 0.180892579184
25, 962, 0.231320273835
25, 963, 0.894685074508
26, 961, 0.55854292667
26, 962, 0.313094520185
26, 963, 0.475646072472
27, 961, 0.788614561735
27, 962, 0.189644448771
27, 963, 0.458642180761
28, 961, 0.179044471912
28, 962, 0.263646285663
28, 963, 0.828473485675
29, 961, 0.294136173133
29, 962, 0.665209948395
29, 963, 0.963914944493
30, 961, 0.100887163591
30, 962, 0.391696937956
30, 963, 0.494131609698
31, 961, 0.592180338363
31, 962, 0.215766049678
31, 963, 0.436841356459
32, 961, 0.510103724259
32, 962, 0.568211837708
32, 963, 0.503464126207
33, 961, 0.0372171817188
33, 962, 0.954664930025
33, 963, 0.76829835698
34, 961, 0.783432437293
34, 962, 0.729371588082
34, 963, 0.440917663423
35, 961, 0.193519170067
35, 962, 0.880755464102
35, 963, 0.956745894158
36, 961, 0.534652671045
36, 962, 0.234691923066
36, 963, 0.143229119889
37, 961, 0.188165588194
37, 962, 0.834514329836
37, 963, 0.315758291914
38, 961, 0.96461856944
38, 962, 0.010759014196
38, 963, 0.680748228716
39, 961, 0.552027063615
39, 962, 0.522571814348
39, 963, 0.548689381404
40, 961, 0.0294578268171
40, 962, 0.251551544697
40, 963, 0.151933885078
41, 961, 0.183875551888
41, 962, 0.641899051539
41, 963, 0.0297247800634
42, 961, 0.591722066427
42, 962, 0.371109960097
42, 963, 0.424605726876
43, 961, 0.895389425524
43, 962, 0.02247008325
43, 963, 0.976179418323
44, 961, 0.57700747396
44, 962, 0.945701965436
44, 963, 0.153645552766
45, 961, 0.831084119102
45, 962, 0.993943486044
45, 963, 0.904917743229
46, 961, 0.00749343226612
46, 962, 0.82071661877
46, 963, 0.592867679925
47, 961, 0.0579712457066
47, 962, 0.611586133242
47, 963, 0.69434029227
48, 961, 0.995675105696
48, 962, 0.715044235487
48, 963, 0.880767324869
49, 961, 0.147690333513
49, 962, 0.189268648272
49, 963, 0.814697670973
50, 961, 0.710007983416
50, 962, 0.300735829483
50, 963, 0.701097205741
51, 961, 0.638375875231
51, 962, 0.471166641823
51, 963, 0.804494711535
52, 961, 0.525514869034
52, 962, 0.540053497704
52, 963, 0.156424427389
53, 961, 0.714911653126
53, 962, 0.834058807046
53, 963, 0.840237439159
54, 961, 0.470859918322
54, 962, 0.0524201945323
54, 963, 0.56366159409
55, 961, 0.0291599139303
55, 962, 0.164975336071
55, 963, 0.857289985013
56, 961, 0.806843506462
56, 962, 0.0748769120393
56, 963, 0.924335055914
57, 961, 0.151148422318
57, 962, 0.945646668634
57, 963, 0.0205660000912
58, 961, 0.265340229025
58, 962, 0.953505845657
58, 963, 0.214807049625
59, 961, 0.418511929243
59, 962, 0.165276642887
59, 963, 0.395784200551
60, 961, 0.908684027261
60, 962, 0.337535923299
60, 963, 0.682540875964
61, 961, 0.379413936895
61, 962, 0.54008295105
61, 963, 0.36318027242
62, 961, 0.0363906595634
62, 962, 0.0957292619605
62, 963, 0.340450209846
63, 961, 0.651277833354
63, 962, 0.0695438013239
63, 963, 0.695532267431
64, 961, 0.402235934749
64, 962, 0.712433165554
64, 963, 0.180989821251
65, 961, 0.785854083026
65, 962, 0.461917134558
65, 963, 0.544400764272
66, 961, 0.416019596453
66, 962, 0.479369105384
66, 963, 0.213011258884
67, 961, 0.488324352763
67, 962, 0.416898604737
67, 963, 0.211410763478
68, 961, 0.487975800539
68, 962, 0.29113343185
68, 963, 0.980983063223
69, 961, 0.669400252235
69, 962, 0.120955710953
69, 963, 0.804395133674
70, 961, 0.64619945562
70, 962, 0.896695971231
70, 963, 0.839897785986
71, 961, 0.982015012891
71, 962, 0.988584657407
71, 963, 0.269790513295
72, 961, 0.177609485736
72, 962, 0.128742227473
72, 963, 0.7763906212
73, 961, 0.250087707659
73, 962, 0.594454283318
73, 963, 0.855476963629
74, 961, 0.575820702521
74, 962, 0.363060244705
74, 963, 0.119857983111
75, 961, 0.0832856863938
75, 962, 0.582123475639
75, 963, 0.617844905328
76, 961, 0.351323066067
76, 962, 0.876402745858
76, 963, 0.0511310846568
77, 961, 0.44213025805
77, 962, 0.316702059478
77, 963, 0.859350084373
78, 961, 0.491046118096
78, 962, 0.627868575571
78, 963, 0.463707162147
79, 961, 0.705902159927
79, 962, 0.219108213999
79, 963, 0.517059987953
80, 961, 0.760901435981
80, 962, 0.957427719654
80, 963, 0.921008276248
81, 961, 0.721037763628
81, 962, 0.310661048561
81, 963, 0.407114740832
82, 961, 0.884119314799
82, 962, 0.675842066097
82, 963, 0.649795472851
83, 961, 0.763074224252
83, 962, 0.861641449792
83, 963, 0.880835581468
84, 961, 0.465831656446
84, 962, 0.717415568781
84, 963, 0.0461259102698
85, 961, 0.904551187818
85, 962, 0.236080414683
85, 963, 0.279758664749
86, 961, 0.469079184493
86, 962, 0.720971973972
86, 963, 0.984126198178
87, 961, 0.12608840218
87, 962, 0.953368899516
87, 963, 0.100760170653
88, 961, 0.0860732313868
88, 962, 0.265917510196
88, 963, 0.902731611805
89, 961, 0.046422755784
89, 962, 0.516252498564
89, 963, 0.662857402716
90, 961, 0.538859819437
90, 962, 0.107250679141
90, 963, 0.0902613370967
91, 961, 0.456792601248
91, 962, 0.779392975627
91, 963, 0.473593884948
92, 961, 0.0403263406507
92, 962, 0.853511663058
92, 963, 0.754535177101
93, 961, 0.89727274895
93, 962, 0.226618945119
93, 963, 0.474397618096
94, 961, 0.012937954122
94, 962, 0.344583901959
94, 963, 0.757389919055
95, 961, 0.722400908502
95, 962, 0.891165267375
95, 963, 0.492268387881
96, 961, 0.706212497168
96, 962, 0.525235551987
96, 963, 0.886065737448
97, 961, 0.404633859187
97, 962, 0.590574107337
97, 963, 0.481972771666
98, 961, 0.00985118280518
98, 962, 0.799117362636
98, 963, 0.713282654708
99, 961, 0.00205041502979
99, 962, 0.637315498053
99, 963, 0.815775518334
100, 961, 0.559439898404
100, 962, 0.602385900716
100, 963, 0.172305167429
101, 961, 0.55343681922
101, 962, 0.147940380786
101, 963, 0.0931716861674
102, 961, 0.833774906428
102, 962, 0.850460748862
102, 963, 0.400491076316
103, 961, 0.00101120261433
103, 962, 0.188548173801
103, 963, 0.263978206131
104, 961, 0.690264381156
104, 962, 0.956870304197
104, 963, 0.486676409205
105, 961, 0.153410284997
105, 962, 0.0866782767544
105, 963, 0.437729593845
106, 961, 0.177380912088
106, 962, 0.0296790102899
106, 963, 0.0162013744314
107, 961, 0.471466581976
107, 962, 0.473638530825
107, 963, 0.628223802533
108, 961, 0.0671710847637
108, 962, 0.758790734239
108, 963, 0.685644405104
109, 961, 0.81126708011
109, 962, 0.0174583439229
109, 963, 0.431501755998
110, 961, 0.712595205958
110, 962, 0.933669247763
110, 963, 0.711733605165
111, 961, 0.482922670053
111, 962, 0.00488337969091
111, 963, 0.361637538666
112, 961, 0.873021118241
112, 962, 0.576099051063
112, 963, 0.682148135756
113, 961, 0.724382958315
113, 962, 0.280021696588
113, 963, 0.313667294331
114, 961, 0.933045599087
114, 962, 0.789872539665
114, 963, 0.260682571168
115, 961, 0.774945771889
115, 962, 0.983610390159
115, 963, 0.411259450257
116, 961, 0.209250140848
116, 962, 0.639672454081
116, 963, 0.869788576763
117, 961, 0.358764739352
117, 962, 0.291984196813
117, 963, 0.518510529811
118, 961, 0.97072948749
118, 962, 0.64214300321
118, 963, 0.0601733305952
119, 961, 0.152287628777
119, 962, 0.652443291439
119, 963, 0.424885882735
120, 961, 0.86793838667
120, 962, 0.163070155615
120, 963, 0.251671892682
121, 961, 0.55635835718
121, 962, 0.609515496726
121, 963, 0.490556472012
122, 961, 0.566096469497
122, 962, 0.925416093238
122, 963, 0.808373209207
123, 961, 0.501522061109
123, 962, 0.934054572
123, 963, 0.231963446977
124, 961, 0.330541558569
124, 962, 0.133744580431
124, 963, 0.650510285326
125, 961, 0.0135746755207
125, 962, 0.867006409602
125, 963, 0.00166249536223
126, 961, 0.188743664465
126, 962, 0.29945879947
126, 963, 0.564541292509
127, 961, 0.238414001245
127, 962, 0.026093124034
127, 963, 0.584090007105
128, 961, 0.564507942948
128, 962, 0.476627377051
128, 963, 0.86332280669
129, 961, 0.864903036415
129, 962, 0.965678200356
129, 963, 0.396475626837
130, 961, 0.811461876468
130, 962, 0.215235032121
130, 963, 0.969702927327
131, 961, 0.0987626720335
131, 962, 0.204021065352
131, 963, 0.345272048651
132, 961, 0.649193843139
132, 962, 0.405539042138
132, 963, 0.346004122446
133, 961, 0.602952996627
133, 962, 0.461745381826
133, 963, 0.429432746108
134, 961, 0.515898532318
134, 962, 0.843289569782
134, 963, 0.325098476789
135, 961, 0.943912737895
135, 962, 0.657965292122
135, 963, 0.316090036246
136, 961, 0.328153951415
136, 962, 0.634560839838
136, 963, 0.705872467081
137, 961, 0.916933795107
137, 962, 0.0196350786045
137, 963, 0.859883600932
138, 961, 0.614589967965
138, 962, 0.665701096507
138, 963, 0.899805201099
139, 961, 0.813263180283
139, 962, 0.280190412906
139, 963, 0.402653323364
140, 961, 0.200230879115
140, 962, 0.297867144208
140, 963, 0.162274152326
141, 961, 0.822881438809
141, 962, 0.997086473989
141, 963, 0.642224899495
142, 961, 0.980667127787
142, 962, 0.375858978456
142, 963, 0.0566461580055
143, 961, 0.483355125095
143, 962, 0.571890425259
143, 963, 0.49891207017
144, 961, 0.750580103798
144, 962, 0.764412494052
144, 963, 0.747446513895
145, 961, 0.189283136123
145, 962, 0.89783675231
145, 963, 0.601664673017
146, 961, 0.893427767971
146, 962, 0.236621830629
146, 963, 0.589487257344
147, 961, 0.450442844433
147, 962, 0.380011206711
147, 963, 0.698569210697
148, 961, 0.376352322245
148, 962, 0.157073854155
148, 963, 0.858815076638
149, 961, 0.895766385725
149, 962, 0.208646534805
149, 963, 0.916436645348
150, 961, 0.102230871354
150, 962, 0.98651922383
150, 963, 0.310582986671
151, 961, 0.327397879095
151, 962, 0.932758794547
151, 963, 0.322518674536
152, 961, 0.747480260958
152, 962, 0.862204107507
152, 963, 0.284965690649
153, 961, 0.373640652335
153, 962, 0.542109292514
153, 963, 0.258397202178
154, 961, 0.0806019011985
154, 962, 0.309280949086
154, 963, 0.428914673172
155, 961, 0.997885322762
155, 962, 0.124436825309
155, 963, 0.383309720115
156, 961, 0.198882967906
156, 962, 0.365229290263
156, 963, 0.249984584249
157, 961, 0.29079401069
157, 962, 0.579350705614
157, 963, 0.980586023908
158, 961, 0.147688091967
158, 962, 0.703334286135
158, 963, 0.650290925636
159, 961, 0.693651134872
159, 962, 0.163535600578
159, 963, 0.209859864005
160, 961, 0.143706937848
160, 962, 0.737271759519
160, 963, 0.507576762412
161, 961, 0.689494194453
161, 962, 0.858138188229
161, 963, 0.459798179404
162, 961, 0.637383967205
162, 962, 0.825968618113
162, 963, 0.439103326743
163, 961, 0.691004719235
163, 962, 0.016714182412
163, 963, 0.469057287838
164, 961, 0.276041887091
164, 962, 0.200985102007
164, 963, 0.0562509791716
165, 961, 0.394607005887
165, 962, 0.815936304604
165, 963, 0.975798430152
166, 961, 0.296664048204
166, 962, 0.190175149617
166, 963, 0.540747142803
167, 961, 0.725984771321
167, 962, 0.331163103927
167, 963, 0.706831850163
168, 961, 0.221477294375
168, 962, 0.10498653671
168, 963, 0.978501542206
169, 961, 0.587496339469
169, 962, 0.98725579597
169, 963, 0.112295841226
170, 961, 0.446991323871
170, 962, 0.271638837943
170, 963, 0.175713843692
171, 961, 0.162122674337
171, 962, 0.0188182570793
171, 963, 0.630760115291
172, 961, 0.788952748826
172, 962, 0.429047320524
172, 963, 0.441627137348
173, 961, 0.136450126427
173, 962, 0.202618666758
173, 963, 0.627686744968
174, 961, 0.548497151044
174, 962, 0.929487563587
174, 963, 0.873891075013
175, 961, 0.738546113291
175, 962, 0.276010786403
175, 963, 0.0424317027581
176, 961, 0.725755073961
176, 962, 0.440658075685
176, 963, 0.096692061263
177, 961, 0.583898589066
177, 962, 0.332595161251
177, 963, 0.986823891417
178, 961, 0.83865249372
178, 962, 0.802698381761
178, 963, 0.0904235445997
179, 961, 0.0899048381711
179, 962, 0.608629935153
179, 963, 0.0771324957482
180, 961, 0.340293541702
180, 962, 0.911769202408
180, 963, 0.472321575187
181, 961, 0.40392272691
181, 962, 0.235987976847
181, 963, 0.410328409354
182, 961, 0.363001746066
182, 962, 0.195545053398
182, 963, 0.976533452871
183, 961, 0.694949690158
183, 962, 0.113626167257
183, 963, 0.556065469761
184, 961, 0.259997957195
184, 962, 0.234371607725
184, 963, 0.485652354988
185, 961, 0.875617237816
185, 962, 0.806551370398
185, 963, 0.918619837807
186, 961, 0.0535980575718
186, 962, 0.883665736318
186, 963, 0.662934754495
187, 961, 0.678842466158
187, 962, 0.19865835455
187, 963, 0.257972466742
188, 961, 0.34733102281
188, 962, 0.673661398365
188, 963, 0.765544210102
189, 961, 0.656527041096
189, 962, 0.422317391164
189, 963, 0.861983744789
190, 961, 0.258499682697
190, 962, 0.27435733559
190, 963, 0.930254604119
191, 961, 0.770457931386
191, 962, 0.601830648775
191, 963, 0.922083040971
192, 961, 0.0237362057942
192, 962, 0.702852393933
192, 963, 0.428406863358
193, 961, 0.400375517116
193, 962, 0.902110906551
193, 963, 0.895192966664
194, 961, 0.442333152572
194, 962, 0.33033064157
194, 963, 0.334963994507
195, 961, 0.658280055427
195, 962, 0.408242993689
195, 963, 0.650480562469
196, 961, 0.0734013213551
196, 962, 0.261602354043
196, 963, 0.415888918188
197, 961, 0.239006704271
197, 962, 0.686777671728
197, 963, 0.331738923705
198, 961, 0.927875943503
198, 962, 0.218957430532
198, 963, 0.58603833042
199, 961, 0.414512845416
199, 962, 0.972179198325
199, 963, 0.910224611243
200, 961, 0.455229107826
200, 962, 0.871394298229
200, 963, 0.467939814336
201, 961, 0.317819254183
201, 962, 0.798596115016
201, 963, 0.577053708463
202, 961, 0.0861299102053
202, 962, 0.268708969931
202, 963, 0.733884434469
203, 961, 0.742768435485
203, 962, 0.10281734165
203, 963, 0.562134858533
204, 961, 0.125192945154
204, 962, 0.369472644653
204, 963, 0.0557788999911
205, 961, 0.378239511963
205, 962, 0.527559835367
205, 963, 0.672860928197
206, 961, 0.189155440038
206, 962, 0.041239387225
206, 963, 0.485426028507
207, 961, 0.881863243605
207, 962, 0.703063450844
207, 963, 0.878663644685
208, 961, 0.790430214538
208, 962, 0.983724470666
208, 963, 0.660623281953
209, 961, 0.323517016732
209, 962, 0.434617602751
209, 963, 0.411403025635
210, 961, 0.641981121702
210, 962, 0.641709610867
210, 963, 0.0556579896583
211, 961, 0.675034408286
211, 962, 0.850423828774
211, 963, 0.792353225148
212, 961, 0.721208927889
212, 962, 0.750133297106
212, 963, 0.450520610143
213, 961, 0.620657351063
213, 962, 0.84465337217
213, 963, 0.84124541471
214, 961, 0.725517495981
214, 962, 0.986353961816
214, 963, 0.479862677332
215, 961, 0.0639866253295
215, 962, 0.254976775979
215, 963, 0.0332595080193
216, 961, 0.82501155781
216, 962, 0.349789756049
216, 963, 0.186400677165
217, 961, 0.703021337198
217, 962, 0.665422667812
217, 963, 0.164060414747
218, 961, 0.307205617768
218, 962, 0.219076788747
218, 963, 0.938959420291
219, 961, 0.131102182739
219, 962, 0.672137442472
219, 963, 0.677849432081
220, 961, 0.562590276328
220, 962, 0.207180077121
220, 963, 0.567331060756
221, 961, 0.131607270691
221, 962, 0.300262855562
221, 963, 0.314861593199
222, 961, 0.552361898257
222, 962, 0.652042289571
222, 963, 0.280773478948
223, 961, 0.579734391056
223, 962, 0.478153705726
223, 963, 0.281322277427
224, 961, 0.990085021931
224, 962, 0.882207571727
224, 963, 0.287062016128
225, 961, 0.316718718889
225, 962, 0.894592724485
225, 963, 0.503855276674
226, 961, 0.231753215809
226, 962, 0.270418407664
226, 963, 0.734922632228
227, 961, 0.611011136517
227, 962, 0.127046161088
227, 963, 0.385654159494
228, 961, 0.338333931125
228, 962, 0.658334907393
228, 963, 0.4239560016
229, 961, 0.71478700717
229, 962, 0.647576841331
229, 963, 0.124638547965
230, 961, 0.527726498906
230, 962, 0.426603053317
230, 963, 0.77178604108
231, 961, 0.116149851164
231, 962, 0.439903462328
231, 963, 0.519141830337
232, 961, 0.426185409389
232, 962, 0.580792812764
232, 963, 0.826600044194
233, 961, 0.379353170327
233, 962, 0.184359670405
233, 963, 0.875616043546
234, 961, 0.490453962535
234, 962, 0.962660645652
234, 963, 0.900490290095
235, 961, 0.664373233202
235, 962, 0.302364597161
235, 963, 0.521724064866
236, 961, 0.872177606956
236, 962, 0.436516083779
236, 963, 0.703786357556
237, 961, 0.0936891744661
237, 962, 0.890048090412
237, 963, 0.784744727081
238, 961, 0.0841006883953
238, 962, 0.573108909063
238, 963, 0.438232905622
239, 961, 0.511634784753
239, 962, 0.931532777177
239, 963, 0.958365919687
240, 961, 0.207834819621
240, 962, 0.315161293865
240, 963, 0.904763968933
241, 961, 0.975071437638
241, 962, 0.210832525303
241, 963, 0.569770944373
242, 961, 0.816579201861
242, 962, 0.284596874857
242, 963, 0.779485324399
243, 961, 0.944474171357
243, 962, 0.217818580623
243, 963, 0.477392164532
244, 961, 0.647127445993
244, 962, 0.718575011147
244, 963, 0.345056284773
245, 961, 0.721246370759
245, 962, 0.3514898779
245, 963, 0.926434498057
246, 961, 0.220118679934
246, 962, 0.174366825225
246, 963, 0.350256353482
247, 961, 0.150569988732
247, 962, 0.212811307031
247, 963, 0.477348713367
248, 961, 0.193532317471
248, 962, 0.183119947895
248, 963, 0.598092130361
249, 961, 0.764615882767
249, 962, 0.629809211718
249, 963, 0.481342959075
250, 961, 0.577937757785
250, 962, 0.244501237858
250, 963, 0.402354075554
251, 961, 0.763390700515
251, 962, 0.333899856442
251, 963, 0.255327879454
252, 961, 0.852622824358
252, 962, 0.366269206436
252, 963, 0.953231457339
253, 961, 0.674716847213
253, 962, 0.746348024368
253, 963, 0.701377253301
254, 961, 0.348124767991
254, 962, 0.138902775728
254, 963, 0.306201990573
255, 961, 0.219145847356
255, 962, 0.917392233412
255, 963, 0.00394047696159
256, 961, 0.111404904144
256, 962, 0.639499827965
256, 963, 0.598489387602
257, 961, 0.627902483561
257, 962, 0.0087087911488
257, 963, 0.570517945527
258, 961, 0.654840268652
258, 962, 0.097404139356
258, 963, 0.745688185429
259, 961, 0.606658540761
259, 962, 0.162573340873
259, 963, 0.586022079758
260, 961, 0.61374565882
260, 962, 0.308223544784
260, 963, 0.270894390472
261, 961, 0.607827268673
261, 962, 0.111970268014
261, 963, 0.145147057325
262, 961, 0.303255171713
262, 962, 0.729784723931
262, 963, 0.598519298682
263, 961, 0.261317197721
263, 962, 0.592329428646
263, 963, 0.0818349245859
264, 961, 0.616607879604
264, 962, 0.70867996938
264, 963, 0.349421476061
265, 961, 0.0562541779826
265, 962, 0.388338701419
265, 963, 0.251071871845
266, 961, 0.320970267324
266, 962, 0.672564947343
266, 963, 0.891697128571
267, 961, 0.0559281529362
267, 962, 0.150938291039
267, 963, 0.767284582074
268, 961, 0.676608102626
268, 962, 0.0793965800598
268, 963, 0.0738693461223
269, 961, 0.556105224157
269, 962, 0.865913472477
269, 963, 0.0912824021072
270, 961, 0.701849573608
270, 962, 0.167669779331
270, 963, 0.515486341557
271, 961, 0.770022435739
271, 962, 0.552305857329
271, 963, 0.384667895707
272, 961, 0.841619880773
272, 962, 0.259349980885
272, 963, 0.820798324269
273, 961, 0.13748104837
273, 962, 0.337281061077
273, 963, 0.670087429252
274, 961, 0.0733573775064
274, 962, 0.511408647908
274, 963, 0.848552944476
275, 961, 0.384535618582
275, 962, 0.750724827252
275, 963, 0.233572824271
276, 961, 0.441438555879
276, 962, 0.284451920745
276, 963, 0.239041949908
277, 961, 0.547683595772
277, 962, 0.0743420915005
277, 963, 0.93618535341
278, 961, 0.505708180784
278, 962, 0.489367813991
278, 963, 0.0902080300791
279, 961, 0.716181045249
279, 962, 0.419755989273
279, 963, 0.173085076754
280, 961, 0.115411783742
280, 962, 0.917780653026
280, 963, 0.707397206187
281, 961, 0.173210518627
281, 962, 0.565846489622
281, 963, 0.26866395665
282, 961, 0.381518199904
282, 962, 0.169266382374
282, 963, 0.51789949365
283, 961, 0.319610700384
283, 962, 0.430121218316
283, 963, 0.230661943872
284, 961, 0.177605643532
284, 962, 0.55798484764
284, 963, 0.340613864063
285, 961, 0.237441868723
285, 962, 0.447207688684
285, 963, 0.997734165054
286, 961, 0.0588017802673
286, 962, 0.782636663975
286, 963, 0.184006454236
287, 961, 0.126025540741
287, 962, 0.553241677553
287, 963, 0.803997952853
288, 961, 0.951313002529
288, 962, 0.839519251621
288, 963, 0.997114366447
289, 961, 0.402012822744
289, 962, 0.37093284112
289, 963, 0.101475932927
290, 961, 0.297226177439
290, 962, 0.915906202692
290, 963, 0.10168236662
291, 961, 0.917791991808
291, 962, 0.671031409092
291, 963, 0.480363584017
292, 961, 0.868691333766
292, 962, 0.395502092611
292, 963, 0.218758188788
293, 961, 0.562718804168
293, 962, 0.0991292093902
293, 963, 0.367388808246
294, 961, 0.36491264686
294, 962, 0.907672169666
294, 963, 0.541851959463
295, 961, 0.266695504399
295, 962, 0.386995459518
295, 963, 0.543308960985
296, 961, 0.17810532282
296, 962, 0.137488846441
296, 963, 0.245619089149
297, 961, 0.817849850371
297, 962, 0.971486409498
297, 963, 0.0763420841337
298, 961, 0.0956320587692
298, 962, 0.412494501044
298, 963, 0.479116465404
299, 961, 0.392513176075
299, 962, 0.559705722803
299, 963, 0.234581425377
300, 961, 0.710738726049
300, 962, 0.980032967193
300, 963, 0.587820088387
301, 961, 0.80994064455
301, 962, 0.0616465540303
301, 963, 0.79946749875
302, 961, 0.648424505989
302, 962, 0.391403242513
302, 963, 0.613088029892
303, 961, 0.331332039098
303, 962, 0.646553601343
303, 963, 0.0955021353121
304, 961, 0.988502920536
304, 962, 0.716241712666
304, 963, 0.421109052571
305, 961, 0.522380249277
305, 962, 0.842858284014
305, 963, 0.0658696608393
306, 961, 0.775293970323
306, 962, 0.0965372509531
306, 963, 0.257504376035
307, 961, 0.74701158521
307, 962, 0.630079245301
307, 963, 0.306029335833
308, 961, 0.914058234126
308, 962, 0.0891990397787
308, 963, 0.0651780410393
309, 961, 0.602656985697
309, 962, 0.780217802199
309, 963, 0.746123971837
310, 961, 0.758988715173
310, 962, 0.668132438982
310, 963, 0.530744031463
311, 961, 0.267512444486
311, 962, 0.2757405374
311, 963, 0.665085159261
312, 961, 0.229482547419
312, 962, 0.933356576921
312, 963, 0.885071244774
313, 961, 0.470049698104
313, 962, 0.32789686397
313, 963, 0.195141829095
314, 961, 0.413160953283
314, 962, 0.106187549272
314, 963, 0.919162853513
315, 961, 0.293217385787
315, 962, 0.758422937145
315, 963, 0.819678419381
316, 961, 0.464081639546
316, 962, 0.558891786459
316, 963, 0.357571881294
317, 961, 0.902159144253
317, 962, 0.0506264682748
317, 963, 0.884885631185
318, 961, 0.359686313947
318, 962, 0.538307575405
318, 963, 0.822131550825
319, 961, 0.199746626666
319, 962, 0.227010334243
319, 963, 0.605993316185
320, 961, 0.434781728142
320, 962, 0.930642714301
320, 963, 0.302943589819
321, 961, 0.571649859162
321, 962, 0.805093770767
321, 963, 0.510906533258
322, 961, 0.713498276258
322, 962, 0.91497550393
322, 963, 0.237878761917
323, 961, 0.581635205676
323, 962, 0.0624688780593
323, 963, 0.665704066658
324, 961, 0.136015502223
324, 962, 0.401064772436
324, 963, 0.889721299214
325, 961, 0.746807049068
325, 962, 0.855569142492
325, 963, 0.632349264149
326, 961, 0.330029354739
326, 962, 0.6340575352
326, 963, 0.482805891533
327, 961, 0.987062739483
327, 962, 0.642660325615
327, 963, 0.873611115226
328, 961, 0.433131015068
328, 962, 0.639438729824
328, 963, 0.686147161544
329, 961, 0.40024611597
329, 962, 0.323701029669
329, 963, 0.736275900311
330, 961, 0.244744201804
330, 962, 0.750662036358
330, 963, 0.51724420871
331, 961, 0.118673505693
331, 962, 0.680479578784
331, 963, 0.917292526832
332, 961, 0.985199942831
332, 962, 0.0542064062513
332, 963, 0.644165543776
333, 961, 0.41203739181
333, 962, 0.383243686309
333, 963, 0.359621936664
334, 961, 0.298543682927
334, 962, 0.517929431578
334, 963, 0.46697259841
335, 961, 0.238517772519
335, 962, 0.151545225975
335, 963, 0.279352028273
336, 961, 0.767499001057
336, 962, 0.638496822531
336, 963, 0.613507545631
337, 961, 0.472549320912
337, 962, 0.0787481580757
337, 963, 0.85470327592
338, 961, 0.716166991456
338, 962, 0.082791295849
338, 963, 0.0361256250514
339, 961, 0.318630726142
339, 962, 0.872204067435
339, 963, 0.977739289799
340, 961, 0.0721768891296
340, 962, 0.156899651816
340, 963, 0.885082708589
341, 961, 0.347611318595
341, 962, 0.931726697892
341, 963, 0.538768086159
342, 961, 0.744409480743
342, 962, 0.273906013251
342, 963, 0.432399839475
343, 961, 0.641228531707
343, 962, 0.182726817472
343, 963, 0.957746486382
344, 961, 0.207231851319
344, 962, 0.171781067803
344, 963, 0.591958504814
345, 961, 0.42224112303
345, 962, 0.600120822563
345, 963, 0.722717686912
346, 961, 0.266958933966
346, 962, 0.848436109249
346, 963, 0.323762158206
347, 961, 0.145958366032
347, 962, 0.298062220521
347, 963, 0.938473741096
348, 961, 0.879214782689
348, 962, 0.477407484948
348, 963, 0.978058349099
349, 961, 0.282529613465
349, 962, 0.277239893857
349, 963, 0.0431100596749
350, 961, 0.718043749688
350, 962, 0.203549875542
350, 963, 0.280334240947
351, 961, 0.702372329066
351, 962, 0.408907188089
351, 963, 0.808891532018
352, 961, 0.844547376635
352, 962, 0.395297167221
352, 963, 0.266305402925
353, 961, 0.125918539698
353, 962, 0.0455665135874
353, 963, 0.663666115218
354, 961, 0.249383948492
354, 962, 0.0394348755625
354, 963, 0.569709106971
355, 961, 0.821102576605
355, 962, 0.50446556203
355, 963, 0.899653842304
356, 961, 0.81099861
356, 962, 0.207684385922
356, 963, 0.883551984926
357, 961, 0.896888208695
357, 962, 0.270199559044
357, 963, 0.000926831841109
358, 961, 0.568802547261
358, 962, 0.275065256657
358, 963, 0.607411090038
359, 961, 0.375565682105
359, 962, 0.7481276567
359, 963, 0.647780440043
360, 961, 0.694019017379
360, 962, 0.601933352866
360, 963, 0.902252769738
361, 961, 0.577409839458
361, 962, 0.644250421949
361, 963, 0.321447254303
362, 961, 0.569412309952
362, 962, 0.574403314304
362, 963, 0.284443664996
363, 961, 0.0302007965384
363, 962, 0.940480264503
363, 963, 0.463666990744
364, 961, 0.533407764731
364, 962, 0.477749938852
364, 963, 0.206900898853
365, 961, 0.928747407695
365, 962, 0.538175701415
365, 963, 0.804175030671
366, 961, 0.309067912286
366, 962, 0.537710212798
366, 963, 0.382294808202
367, 961, 0.914670714125
367, 962, 0.209149772436
367, 963, 0.244478351845
368, 961, 0.209835650711
368, 962, 0.644160089581
368, 963, 0.591658750705
369, 961, 0.0755531513851
369, 962, 0.732263883589
369, 963, 0.305140521733
370, 961, 0.40526896838
370, 962, 0.300822228555
370, 963, 0.832345314487
371, 961, 0.930435145915
371, 962, 0.515532815032
371, 963, 0.674244712321
372, 961, 0.889784198646
372, 962, 0.776815689938
372, 963, 0.0796810479969
373, 961, 0.644971913548
373, 962, 0.220374664097
373, 963, 0.19019316856
374, 961, 0.0719419560094
374, 962, 0.46731024146
374, 963, 0.689775158708
375, 961, 0.617313929733
375, 962, 0.313596456283
375, 963, 0.881614459371
376, 961, 0.706285334771
376, 962, 0.857215713217
376, 963, 0.69364242486
377, 961, 0.313224456002
377, 962, 0.384630776866
377, 963, 0.638023862371
378, 961, 0.834679609709
378, 962, 0.875995785957
378, 963, 0.66726138011
379, 961, 0.410716617045
379, 962, 0.116288122716
379, 963, 0.156400716622
380, 961, 0.43713853417
380, 962, 0.0525885987603
380, 963, 0.17546250213
381, 961, 0.158825106346
381, 962, 0.783588985486
381, 963, 0.844550131028
382, 961, 0.692125792086
382, 962, 0.914767184463
382, 963, 0.543200168022
383, 961, 0.733554260611
383, 962, 0.90735012616
383, 963, 0.957032357474
384, 961, 0.659111582746
384, 962, 0.510633099382
384, 963, 0.747716333247
385, 961, 0.120609226227
385, 962, 0.427368194079
385, 963, 0.371321120851
386, 961, 0.925323648205
386, 962, 0.49519392702
386, 963, 0.352571342285
387, 961, 0.761065189092
387, 962, 0.522857868272
387, 963, 0.929192639046
388, 961, 0.828959801839
388, 962, 0.691587955772
388, 963, 0.601364156061
389, 961, 0.0376604212249
389, 962, 0.292477254885
389, 963, 0.608621968762
390, 961, 0.527478597262
390, 962, 0.446963496567
390, 963, 0.0351057693614
391, 961, 0.906334542073
391, 962, 0.576423136379
391, 963, 0.500081790659
392, 961, 0.389746049878
392, 962, 0.778991503047
392, 963, 0.609052878674
393, 961, 0.288872009784
393, 962, 0.161965287452
393, 963, 0.976528645125
394, 961, 0.50329490044
394, 962, 0.340535799666
394, 963, 0.352014125758
395, 961, 0.474848539304
395, 962, 0.0744869899728
395, 963, 0.653444009102
396, 961, 0.0198460982356
396, 962, 0.327596033071
396, 963, 0.413560458038
397, 961, 0.912433246505
397, 962, 0.244760002939
397, 963, 0.342859868506
398, 961, 0.887129833799
398, 962, 0.849841175945
398, 963, 0.330638864166
399, 961, 0.447070094279
399, 962, 0.282708834204
399, 963, 0.261779302074
400, 961, 0.32260643693
400, 962, 0.34106010261
400, 963, 0.952673570358
401, 961, 0.986962293845
401, 962, 0.00355794256972
401, 963, 0.756558579213
402, 961, 0.536908412251
402, 962, 0.913737910532
402, 963, 0.205498181054
403, 961, 0.114544864451
403, 962, 0.246909527013
403, 963, 0.114961664503
404, 961, 0.753710351245
404, 962, 0.901532007271
404, 963, 0.351708480387
405, 961, 0.51792827225
405, 962, 0.424112565507
405, 963, 0.207636099975
406, 961, 0.629084620951
406, 962, 0.547290152837
406, 963, 0.890639293931
407, 961, 0.139906716224
407, 962, 0.326915094837
407, 963, 0.343785290652
408, 961, 0.965898863533
408, 962, 0.375346187308
408, 963, 0.520369650967
409, 961, 0.718199664824
409, 962, 0.735372218658
409, 963, 0.0244024160206
410, 961, 0.0223244409621
410, 962, 0.625840907056
410, 963, 0.931980384869
411, 961, 0.00142492229618
411, 962, 0.967052834607
411, 963, 0.236536281015
412, 961, 0.0663776933474
412, 962, 0.551269804343
412, 963, 0.228999037272
413, 961, 0.0829939622976
413, 962, 0.161576956752
413, 963, 0.339901352898
414, 961, 0.668280446868
414, 962, 0.0433974642436
414, 963, 0.493568581485
415, 961, 0.24170736999
415, 962, 0.404041988116
415, 963, 0.799319696072
416, 961, 0.0530670998459
416, 962, 0.0564692720349
416, 963, 0.308352271691
417, 961, 0.0881339365803
417, 962, 0.0173761362271
417, 963, 0.48733475827
418, 961, 0.856661386146
418, 962, 0.250576453304
418, 963, 0.722844600564
419, 961, 0.494201477004
419, 962, 0.114988198789
419, 963, 0.0450579911964
420, 961, 0.594605013647
420, 962, 0.109198078926
420, 963, 0.0355380326257
421, 961, 0.516485819933
421, 962, 0.814217566379
421, 963, 0.6331717538
422, 961, 0.729881022848
422, 962, 0.0972397006936
422, 963, 0.167711701941
423, 961, 0.598697653708
423, 962, 0.667622026173
423, 963, 0.281062142731
424, 961, 0.0675809043814
424, 962, 0.129897031649
424, 963, 0.470465663845
425, 961, 0.775550275006
425, 962, 0.0200257363392
425, 963, 0.630850598491
426, 961, 0.442558567029
426, 962, 0.446780525945
426, 963, 0.357889047346
427, 961, 0.38504486946
427, 962, 0.221663117314
427, 963, 0.685518560289
428, 961, 0.446034604737
428, 962, 0.16295203496
428, 963, 0.0827417080226
429, 961, 0.167745699559
429, 962, 0.946013472585
429, 963, 0.267873378827
430, 961, 0.65969165135
430, 962, 0.390316418755
430, 963, 0.774112923143
431, 961, 0.552766406839
431, 962, 0.809542972976
431, 963, 0.4987884172
432, 961, 0.896465596793
432, 962, 0.767265825103
432, 963, 0.976720456729
433, 961, 0.855952995898
433, 962, 0.22216176513
433, 963, 0.601136698433
434, 961, 0.822409991002
434, 962, 0.800461895187
434, 963, 0.411669659092
435, 961, 0.61682635276
435, 962, 0.23620219059
435, 963, 0.582792678811
436, 961, 0.0816707770487
436, 962, 0.303055644143
436, 963, 0.514716572133
437, 961, 0.208570392674
437, 962, 0.9798090575
437, 963, 0.349813165675
438, 961, 0.340626435447
438, 962, 0.882432242722
438, 963, 0.898898670515
439, 961, 0.802047250898
439, 962, 0.0372375149122
439, 963, 0.0529993121681
440, 961, 0.496788661967
440, 962, 0.620086985013
440, 963, 0.836926706995
441, 961, 0.130196454593
441, 962, 0.476456516397
441, 963, 0.334745041047
442, 961, 0.129646229099
442, 962, 0.159790673982
442, 963, 0.213090909167
443, 961, 0.472885931642
443, 962, 0.951327847276
443, 963, 0.214185580622
444, 961, 0.0958570041308
444, 962, 0.633039187268
444, 963, 0.352796718854
445, 961, 0.319132207917
445, 962, 0.694463739781
445, 963, 0.911194956129
446, 961, 0.246309137469
446, 962, 0.0979524736622
446, 963, 0.590207534373
447, 961, 0.916250832146
447, 962, 0.645100413546
447, 963, 0.56630165179
448, 961, 0.615498439547
448, 962, 0.251858609684
448, 963, 0.291626376004
449, 961, 0.304547702291
449, 962, 0.667177351679
449, 963, 0.75331377631
450, 961, 0.504587581364
450, 962, 0.317898233121
450, 963, 0.168997448858
451, 961, 0.91639189549
451, 962, 0.713237371241
451, 963, 0.971763755468
452, 961, 0.411907638006
452, 962, 0.394387124215
452, 963, 0.553366878472
453, 961, 0.737570161428
453, 962, 0.618369974533
453, 963, 0.874585152473
454, 961, 0.016677581347
454, 962, 0.0871908175857
454, 963, 0.539777617737
455, 961, 0.573164952354
455, 962, 0.741426405599
455, 963, 0.106005676634
456, 961, 0.447959084204
456, 962, 0.405349905226
456, 963, 0.23953526492
457, 961, 0.0421368882778
457, 962, 0.462204089009
457, 963, 0.814380956921
458, 961, 0.7425810785
458, 962, 0.16638087961
458, 963, 0.735079177143
459, 961, 0.371755743667
459, 962, 0.157277209554
459, 963, 0.45931977678
460, 961, 0.815025876257
460, 962, 0.149441403035
460, 963, 0.313605543325
461, 961, 0.968186495402
461, 962, 0.501432229248
461, 963, 0.230921508637
462, 961, 0.902500462335
462, 962, 0.355025131603
462, 963, 0.146493479547
463, 961, 0.30691393572
463, 962, 0.65336163491
463, 963, 0.596180108588
464, 961, 0.137428168375
464, 962, 0.394871958804
464, 963, 0.371009645435
465, 961, 0.0750475662378
465, 962, 0.411221018896
465, 963, 0.261726273654
466, 961, 0.00429482853461
466, 962, 0.844825468754
466, 963, 0.608731885067
467, 961, 0.816451040838
467, 962, 0.236281656706
467, 963, 0.178896603019
468, 961, 0.915100892792
468, 962, 0.386821165575
468, 963, 0.766655463111
469, 961, 0.197433345022
469, 962, 0.638134580418
469, 963, 0.231959217305
470, 961, 0.799697794247
470, 962, 0.473367926669
470, 963, 0.473384407214
471, 961, 0.139497699606
471, 962, 0.264187808088
471, 963, 0.378102317175
472, 961, 0.522179381461
472, 962, 0.193181563894
472, 963, 0.375567654889
473, 961, 0.0581035190437
473, 962, 0.306845849472
473, 963, 0.750555274698
474, 961, 0.50044182519
474, 962, 0.354982373851
474, 963, 0.300674389642
475, 961, 0.24257178021
475, 962, 0.32755215194
475, 963, 0.877707535053
476, 961, 0.959496231671
476, 962, 0.014165268101
476, 963, 0.470429656582
477, 961, 0.878057827809
477, 962, 0.102068151387
477, 963, 0.975714211812
478, 961, 0.459526203772
478, 962, 0.54164469012
478, 963, 0.242989908272
479, 961, 0.44585616172
479, 962, 0.138043046374
479, 963, 0.0466566173492
480, 961, 0.848215023075
480, 962, 0.189529984958
480, 963, 0.693225788085
481, 961, 0.218947451586
481, 962, 0.105380830209
481, 963, 0.332942608745
482, 961, 0.992731668867
482, 962, 0.69338603241
482, 963, 0.268761098364
483, 961, 0.73217236305
483, 962, 0.563276124338
483, 963, 0.483986376088
484, 961, 0.62755664362
484, 962, 0.926091137615
484, 963, 0.366381425768
485, 961, 0.00467601689861
485, 962, 0.932930290359
485, 963, 0.775200836439
486, 961, 0.478474017094
486, 962, 0.325358827453
486, 963, 0.959981091001
487, 961, 0.977326055659
487, 962, 0.382617139341
487, 963, 0.344720291229
488, 961, 0.56079316079
488, 962, 0.387328757898
488, 963, 0.719211804614
489, 961, 0.549035977089
489, 962, 0.64095131321
489, 963, 0.917016084661
490, 961, 0.848695623862
490, 962, 0.46787993971
490, 963, 0.0611551045399
491, 961, 0.550230815535
491, 962, 0.945833496795
491, 963, 0.970850723317
492, 961, 0.577465114911
492, 962, 0.502415729399
492, 963, 0.138262404579
493, 961, 0.32431614531
493, 962, 0.715600136928
493, 963, 0.0200962875062
494, 961, 0.0663447247228
494, 962, 0.501476659077
494, 963, 0.404877912972
495, 961, 0.372116800474
495, 962, 0.424366734961
495, 963, 0.212380485506
496, 961, 0.0586711545079
496, 962, 0.357428326259
496, 963, 0.456349123005
497, 961, 0.0355915572959
497, 962, 0.530607716031
497, 963, 0.439851326308
498, 961, 0.964430651229
498, 962, 0.210359970421
498, 963, 0.831652046532
499, 961, 0.879458843319
499, 962, 0.656215291986
499, 963, 0.807296754921
500, 961, 0.733607813349
500, 962, 0.519957597552
500, 963, 0.720276424683
501, 961, 0.0418504688444
501, 962, 0.871902454966
501, 963, 0.775379406692
502, 961, 0.940815365544
502, 962, 0.185535577338
502, 963, 0.971337321893
503, 961, 0.987282560252
503, 962, 0.0142997001869
503, 963, 0.555515152606
504, 961, 0.95196573452
504, 962, 0.695928972724
504, 963, 0.148486554884
505, 961, 0.406183516839
505, 962, 0.954828459278
505, 963, 0.294323781805
506, 961, 0.0292563535611
506, 962, 0.781435996095
506, 963, 0.932895646949
507, 961, 0.357051260271
507, 962, 0.161865658879
507, 963, 0.447952844114
508, 961, 0.277502548106
508, 962, 0.245552895248
508, 963, 0.752366793261
509, 961, 0.603680534611
509, 962, 0.785658522605
509, 963, 0.964191242306
510, 961, 0.666581741175
510, 962, 0.495881061111
510, 963, 0.212665028787
511, 961, 0.603205811527
511, 962, 0.311489994454
511, 963, 0.621376176898
512, 961, 0.216973153409
512, 962, 0.00536488759004
512, 963, 0.382500817009
513, 961, 0.996301476672
513, 962, 0.622296487757
513, 963, 0.190264823506
514, 961, 0.982663569691
514, 962, 0.830480373693
514, 963, 0.885588856868
515, 961, 0.414649670947
515, 962, 0.31533889055
515, 963, 0.740941809742
516, 961, 0.910378456487
516, 962, 0.176733144394
516, 963, 0.242868100085
517, 961, 0.805263400798
517, 962, 0.854954182938
517, 963, 0.610981038314
518, 961, 0.562914742239
518, 962, 0.296958301987
518, 963, 0.919350319277
519, 961, 0.0936975500675
519, 962, 0.247876023457
519, 963, 0.185533138381
520, 961, 0.253580331843
520, 962, 0.353555845801
520, 963, 0.680160969605
521, 961, 0.265635748172
521, 962, 0.615189163173
521, 963, 0.260968650907
522, 961, 0.974756922316
522, 962, 0.660797603851
522, 963, 0.757308699066
523, 961, 0.0844578800353
523, 962, 0.71169979876
523, 963, 0.943545908054
524, 961, 0.0250115508754
524, 962, 0.447187143652
524, 963, 0.369604556928
525, 961, 0.456255531081
525, 962, 0.299190767353
525, 963, 0.146255007458
526, 961, 0.267178079055
526, 962, 0.81472828817
526, 963, 0.0559904767674
527, 961, 0.889292081925
527, 962, 0.293111216575
527, 963, 0.820958073102
528, 961, 0.399092668715
528, 962, 0.812169105675
528, 963, 0.697486249549
529, 961, 0.495416019016
529, 962, 0.350208275387
529, 963, 0.89367206666
530, 961, 0.952491425764
530, 962, 0.403742457447
530, 963, 0.912249622717
531, 961, 0.641592668233
531, 962, 0.31323108646
531, 963, 0.311375521057
532, 961, 0.83789634888
532, 962, 0.280869878979
532, 963, 0.59780751272
533, 961, 0.804589593085
533, 962, 0.0125461761976
533, 963, 0.324834437153
534, 961, 0.921940705995
534, 962, 0.145845849447
534, 963, 0.176515495807
535, 961, 0.0232268083566
535, 962, 0.824000524586
535, 963, 0.252920501106
536, 961, 0.0861362089838
536, 962, 0.653269403318
536, 963, 0.950338564231
537, 961, 0.538480770286
537, 962, 0.708713651039
537, 963, 0.432210720888
538, 961, 0.0292675487854
538, 962, 0.740645397049
538, 963, 0.703724989152
539, 961, 0.517097809548
539, 962, 0.294404335551
539, 963, 0.218546131397
540, 961, 0.964529554187
540, 962, 0.153274877507
540, 963, 0.136426864755
541, 961, 0.975547306107
541, 962, 0.829899025304
541, 963, 0.258622057588
542, 961, 0.675404342729
542, 962, 0.744366835622
542, 963, 0.718736970652
543, 961, 0.337552939041
543, 962, 0.823950939518
543, 963, 0.256012030428
544, 961, 0.686826606205
544, 962, 0.671987042393
544, 963, 0.486372151896
545, 961, 0.0385163773625
545, 962, 0.107057509276
545, 963, 0.0744951905056
546, 961, 0.251930750042
546, 962, 0.6990171454
546, 963, 0.566108855663
547, 961, 0.949626398865
547, 962, 0.733105098202
547, 963, 0.14320692773
548, 961, 0.985620548371
548, 962, 0.0285373405491
548, 963, 0.587363505353
549, 961, 0.849243066517
549, 962, 0.387507926813
549, 963, 0.373792974092
550, 961, 0.250160372577
550, 962, 0.869350644184
550, 963, 0.509051984187
551, 961, 0.552350464928
551, 962, 0.507620552219
551, 963, 0.783831434495
552, 961, 0.338209255833
552, 962, 0.165186938394
552, 963, 0.443591685084
553, 961, 0.377238387161
553, 962, 0.686359700505
553, 963, 0.731413886586
554, 961, 0.939562611207
554, 962, 0.962183954667
554, 963, 0.213024756218
555, 961, 0.586695587181
555, 962, 0.583785793353
555, 963, 0.507612250288
556, 961, 0.96840413557
556, 962, 0.0358150031465
556, 963, 0.492859167032
557, 961, 0.257211547238
557, 962, 0.238495390488
557, 963, 0.454856748056
558, 961, 0.701113276095
558, 962, 0.505459276636
558, 963, 0.259144948235
559, 961, 0.441997123606
559, 962, 0.0618287790471
559, 963, 0.717907130835
560, 961, 0.477831651246
560, 962, 0.286286302849
560, 963, 0.232644885783
561, 961, 0.0520091947999
561, 962, 0.0208344614469
561, 963, 0.854507571475
562, 961, 0.250000020596
562, 962, 0.12261139323
562, 963, 0.483801891155
563, 961, 0.381483157845
563, 962, 0.0815958815387
563, 963, 0.376008149048
564, 961, 0.515321870012
564, 962, 0.496584786947
564, 963, 0.821141337328
565, 961, 0.460792998188
565, 962, 0.640806028161
565, 963, 0.851667055036
566, 961, 0.473834626475
566, 962, 0.883254969288
566, 963, 0.7211267543
567, 961, 0.50554390091
567, 962, 0.502094389901
567, 963, 0.326993414583
568, 961, 0.112080128586
568, 962, 0.467410772135
568, 963, 0.093725666472
569, 961, 0.456152201074
569, 962, 0.158814320648
569, 963, 0.984489105688
570, 961, 0.275617487707
570, 962, 0.43622726088
570, 963, 0.0356200792562
571, 961, 0.998517961358
571, 962, 0.213202629266
571, 963, 0.545054202821
572, 961, 0.551721157825
572, 962, 0.403816029818
572, 963, 0.654917290216
573, 961, 0.322089243476
573, 962, 0.423763571683
573, 963, 0.649635154233
574, 961, 0.492356293433
574, 962, 0.669199528897
574, 963, 0.299888245289
575, 961, 0.296241369728
575, 962, 0.204877564811
575, 963, 0.426574837594
576, 961, 0.80176337088
576, 962, 0.40843733812
576, 963, 0.779233638104
577, 961, 0.704609106268
577, 962, 0.418095510759
577, 963, 0.959125914713
578, 961, 0.534608465014
578, 962, 0.0781890237411
578, 963, 0.487768331426
579, 961, 0.685029077736
579, 962, 0.886746520473
579, 963, 0.982531465135
580, 961, 0.19338933226
580, 962, 0.873740447419
580, 963, 0.893307207064
581, 961, 0.0668387685432
581, 962, 0.442347288572
581, 963, 0.550089195196
582, 961, 0.924602432768
582, 962, 0.904575981448
582, 963, 0.687499368292
583, 961, 0.376898448111
583, 962, 0.441953210437
583, 963, 0.0528518223301
584, 961, 0.787572642026
584, 962, 0.162025678247
584, 963, 0.887853642592
585, 961, 0.999501937919
585, 962, 0.252737682542
585, 963, 0.932714671354
586, 961, 0.620966437699
586, 962, 0.578368972675
586, 963, 0.551584956254
587, 961, 0.563378999496
587, 962, 0.539865046446
587, 963, 0.939604010001
588, 961, 0.21238773452
588, 962, 0.967818869426
588, 963, 0.462031652528
589, 961, 0.114350634895
589, 962, 0.44332174659
589, 963, 0.197404932571
590, 961, 0.36232588032
590, 962, 0.399384632049
590, 963, 0.85676324302
591, 961, 0.968979883896
591, 962, 0.602965545838
591, 963, 0.587693231916
592, 961, 0.0366254736112
592, 962, 0.491105947949
592, 963, 0.816080911992
593, 961, 0.393196735019
593, 962, 0.0455188097906
593, 963, 0.540842393868
594, 961, 0.64491470412
594, 962, 0.832782570233
594, 963, 0.729373479226
595, 961, 0.474456488096
595, 962, 0.260593392307
595, 963, 0.124038178487
596, 961, 0.497794604918
596, 962, 0.0518625258667
596, 963, 0.596145466073
597, 961, 0.384930859892
597, 962, 0.684236884584
597, 963, 0.346228446296
598, 961, 0.421602839581
598, 962, 0.653292656516
598, 963, 0.577257651231
599, 961, 0.322903919007
599, 962, 0.157497102493
599, 963, 0.938021204104
600, 961, 0.680789197007
600, 962, 0.603206194976
600, 963, 0.48024757344
601, 961, 0.980797004747
601, 962, 0.556004301122
601, 963, 0.855782249842
602, 961, 0.654931127672
602, 962, 0.354788975793
602, 963, 0.177785323791
603, 961, 0.0174315658297
603, 962, 0.521147122802
603, 963, 0.337640854258
604, 961, 0.233418741507
604, 962, 0.803223244212
604, 963, 0.519128202388
605, 961, 0.215841500041
605, 962, 0.71182672634
605, 963, 0.370216425909
606, 961, 0.955478858219
606, 962, 0.103611842005
606, 963, 0.972064899372
607, 961, 0.798603041986
607, 962, 0.752270318136
607, 963, 0.064014747336
608, 961, 0.829733327225
608, 962, 0.390675174078
608, 963, 0.336810043243
609, 961, 0.690744375312
609, 962, 0.514790095352
609, 963, 0.472391868671
610, 961, 0.686716420828
610, 962, 0.71002243916
610, 963, 0.213920821823
611, 961, 0.852410540549
611, 962, 0.882326549297
611, 963, 0.433255086123
612, 961, 0.219211134578
612, 962, 0.218758745055
612, 963, 0.716540650579
613, 961, 0.466599165642
613, 962, 0.715294182878
613, 963, 0.911383292783
614, 961, 0.995797947548
614, 962, 0.767701784411
614, 963, 0.703258525029
615, 961, 0.595774007006
615, 962, 0.487036951398
615, 963, 0.133210950595
616, 961, 0.572523545349
616, 962, 0.158508764447
616, 963, 0.866979041584
617, 961, 0.513995243324
617, 962, 0.791038941271
617, 963, 0.427040008363
618, 961, 0.584950872011
618, 962, 0.78268542993
618, 963, 0.540334389566
619, 961, 0.108689224613
619, 962, 0.501621627838
619, 963, 0.445461198681
620, 961, 0.652047885055
620, 962, 0.339746574612
620, 963, 0.411975403297
621, 961, 0.0524012280717
621, 962, 0.585462486284
621, 963, 0.868029801246
622, 961, 0.623294177712
622, 962, 0.529433795022
622, 963, 0.653673768915
623, 961, 0.599123116999
623, 962, 0.709839736115
623, 963, 0.751890779395
624, 961, 0.826386855186
624, 962, 0.440654712501
624, 963, 0.504685364386
625, 961, 0.232835535654
625, 962, 0.0254974195114
625, 963, 0.510329195188
626, 961, 0.928621699446
626, 962, 0.584857895693
626, 963, 0.646001293599
627, 961, 0.633193822083
627, 962, 0.572943790205
627, 963, 0.526723406453
628, 961, 0.377402028382
628, 962, 0.813061978352
628, 963, 0.266425642473
629, 961, 0.697728584762
629, 962, 0.256848222171
629, 963, 0.948013848259
630, 961, 0.0146189017399
630, 962, 0.282451240646
630, 963, 0.567416988442
631, 961, 0.55711611018
631, 962, 0.607180817449
631, 963, 0.890190457975
632, 961, 0.165028286823
632, 962, 0.511868028009
632, 963, 0.976774025436
633, 961, 0.747862785808
633, 962, 0.216691299385
633, 963, 0.0622628623091
634, 961, 0.749048137147
634, 962, 0.539873937625
634, 963, 0.244565198147
635, 961, 0.873559283347
635, 962, 0.544307755526
635, 963, 0.64366661467
636, 961, 0.236206427318
636, 962, 0.635862790395
636, 963, 0.653688403295
637, 961, 0.967231226877
637, 962, 0.998769204278
637, 963, 0.14311648068
638, 961, 0.570041042236
638, 962, 0.899043312618
638, 963, 0.5368102466
639, 961, 0.328835595722
639, 962, 0.315816170682
639, 963, 0.0481828247343
640, 961, 0.672362268756
640, 962, 0.4920114436
640, 963, 0.951377105433
641, 961, 0.718691400595
641, 962, 0.229162666015
641, 963, 0.747278670818
642, 961, 0.495890629723
642, 962, 0.79856609401
642, 963, 0.352975137905
643, 961, 0.985562641263
643, 962, 0.535627465984
643, 963, 0.603665319828
644, 961, 0.582696531699
644, 962, 0.248093392016
644, 963, 0.149864521386
645, 961, 0.809903918099
645, 962, 0.723963835658
645, 963, 0.599373523393
646, 961, 0.203848023281
646, 962, 0.992721138101
646, 963, 0.35333744628
647, 961, 0.354233861911
647, 962, 0.582420931668
647, 963, 0.559440048769
648, 961, 0.488559830893
648, 962, 0.292523773908
648, 963, 0.53859199066
649, 961, 0.0442277311474
649, 962, 0.96059496125
649, 963, 0.584070541153
650, 961, 0.171787095069
650, 962, 0.0184123724466
650, 963, 0.700789577104
651, 961, 0.347505142693
651, 962, 0.223347688392
651, 963, 0.6247808451
652, 961, 0.466105688918
652, 962, 0.83974054861
652, 963, 0.31089114145
653, 961, 0.907814304632
653, 962, 0.679336502998
653, 963, 0.137230350543
654, 961, 0.804924218759
654, 962, 0.338472942181
654, 963, 0.198185934261
655, 961, 0.431222950252
655, 962, 0.0845864214523
655, 963, 0.427784021536
656, 961, 0.37521733749
656, 962, 0.199611591105
656, 963, 0.891674501736
657, 961, 0.978210356991
657, 962, 0.777163687948
657, 963, 0.0894748208941
658, 961, 0.380534704415
658, 962, 0.268426488149
658, 963, 0.346839149143
659, 961, 0.601176417497
659, 962, 0.464601060708
659, 963, 0.468478424667
660, 961, 0.25642276298
660, 962, 0.837242072206
660, 963, 0.86909048885
661, 961, 0.645365523873
661, 962, 0.990552129763
661, 963, 0.579799653195
662, 961, 0.938711513051
662, 962, 0.554700148801
662, 963, 0.954803713521
663, 961, 0.47724513072
663, 962, 0.271438269781
663, 963, 0.552978043685
664, 961, 0.692938686066
664, 962, 0.158212753074
664, 963, 0.174044506102
665, 961, 0.143410730612
665, 962, 0.786469668983
665, 963, 0.788440136445
666, 961, 0.254800197248
666, 962, 0.491741949971
666, 963, 0.250394239274
667, 961, 0.540375157344
667, 962, 0.795684887373
667, 963, 0.211996752073
668, 961, 0.0880287060121
668, 962, 0.895964028278
668, 963, 0.792125628935
669, 961, 0.477067142
669, 962, 0.487346598555
669, 963, 0.175721075354
670, 961, 0.475132520833
670, 962, 0.625602221824
670, 963, 0.455518907624
671, 961, 0.776168774521
671, 962, 0.32500595579
671, 963, 0.943982495895
672, 961, 0.598697683677
672, 962, 0.95507862103
672, 963, 0.349075915949
673, 961, 0.748982991457
673, 962, 0.614618027797
673, 963, 0.0685239337455
674, 961, 0.646228480446
674, 962, 0.759028705231
674, 963, 0.0605246138692
675, 961, 0.10284744862
675, 962, 0.231404008792
675, 963, 0.0662345174853
676, 961, 0.739003941319
676, 962, 0.652066553616
676, 963, 0.147372797066
677, 961, 0.540655273716
677, 962, 0.343149973917
677, 963, 0.902580775872
678, 961, 0.276094804134
678, 962, 0.00468904055198
678, 963, 0.687556352084
679, 961, 0.758866687714
679, 962, 0.0490029159727
679, 963, 0.143852819251
680, 961, 0.724934369157
680, 962, 0.736488762772
680, 963, 0.367912547902
681, 961, 0.876888458572
681, 962, 0.295371780034
681, 963, 0.375111289025
682, 961, 0.703635518631
682, 962, 0.44377351952
682, 963, 0.679201165021
683, 961, 0.270529283867
683, 962, 0.783210042785
683, 963, 0.154717695406
684, 961, 0.462997695937
684, 962, 0.633634070404
684, 963, 0.574430703524
685, 961, 0.974873769958
685, 962, 0.901493817363
685, 963, 0.497646247136
686, 961, 0.99772056345
686, 962, 0.754790866206
686, 963, 0.202031311708
687, 961, 0.556949439039
687, 962, 0.329400189375
687, 963, 0.470932113988
688, 961, 0.738407822721
688, 962, 0.64212177085
688, 963, 0.931973415757
689, 961, 0.116968564252
689, 962, 0.959104127942
689, 963, 0.174063014287
690, 961, 0.836876182046
690, 962, 0.53416553954
690, 963, 0.198179458777
691, 961, 0.0806632166754
691, 962, 0.712937167398
691, 963, 0.424620765938
692, 961, 0.276206671376
692, 962, 0.981188752983
692, 963, 0.365582025408
693, 961, 0.750222195567
693, 962, 0.947884520145
693, 963, 0.498104458385
694, 961, 0.529851790916
694, 962, 0.549971590763
694, 963, 0.977867861695
695, 961, 0.422365852515
695, 962, 0.170850054834
695, 963, 0.559816118598
696, 961, 0.565696711712
696, 962, 0.954408899518
696, 963, 0.997919364366
697, 961, 0.831625238561
697, 962, 0.918515201822
697, 963, 0.504733975476
698, 961, 0.795195490697
698, 962, 0.151178546889
698, 963, 0.823115378576
699, 961, 0.467387049366
699, 962, 0.743326645122
699, 963, 0.53433500198
700, 961, 0.157348730783
700, 962, 0.55323718484
700, 963, 0.320616459561
701, 961, 0.363718217619
701, 962, 0.282924966664
701, 963, 0.804375152105
702, 961, 0.387465388388
702, 962, 0.355089707374
702, 963, 0.0900195887975
703, 961, 0.0339313278685
703, 962, 0.95015361196
703, 963, 0.690374183061
704, 961, 0.962990359768
704, 962, 0.526124407149
704, 963, 0.00657885296876
705, 961, 0.623732893516
705, 962, 0.784305573915
705, 963, 0.870768501226
706, 961, 0.843814575173
706, 962, 0.630424510253
706, 963, 0.122859165279
707, 961, 0.954394203591
707, 962, 0.443491228688
707, 963, 0.829347225944
708, 961, 0.809020152607
708, 962, 0.791624693212
708, 963, 0.0884478867145
709, 961, 0.423350127045
709, 962, 0.975777179486
709, 963, 0.0559512900129
710, 961, 0.248917407798
710, 962, 0.832231596951
710, 963, 0.471048893527
711, 961, 0.563494251672
711, 962, 0.327640407307
711, 963, 0.951636854227
712, 961, 0.356041850481
712, 962, 0.222335135433
712, 963, 0.954483044743
713, 961, 0.481266664352
713, 962, 0.190434342621
713, 963, 0.413345516536
714, 961, 0.556682335869
714, 962, 0.544267957188
714, 963, 0.340831407465
715, 961, 0.484706058667
715, 962, 0.269458992055
715, 963, 0.675265759429
716, 961, 0.390056978476
716, 962, 0.140503291039
716, 963, 0.295109623159
717, 961, 0.960535121314
717, 962, 0.964866818406
717, 963, 0.00196573826472
718, 961, 0.705799839054
718, 962, 0.376080315486
718, 963, 0.15005918886
719, 961, 0.925356633884
719, 962, 0.992880195572
719, 963, 0.104196170758
720, 961, 0.88284678173
720, 962, 0.81728169356
720, 963, 0.428099310075
721, 961, 0.614289459857
721, 962, 0.877722681959
721, 963, 0.867324767914
722, 961, 0.0106212114649
722, 962, 0.241482337591
722, 963, 0.296831659384
723, 961, 0.0346854941022
723, 962, 0.630416949213
723, 963, 0.115511299371
724, 961, 0.640018857398
724, 962, 0.0735980588288
724, 963, 0.127264304799
725, 961, 0.0253882997432
725, 962, 0.920718767004
725, 963, 0.797803683729
726, 961, 0.557978421509
726, 962, 0.314593112127
726, 963, 0.0868198097487
727, 961, 0.91110935121
727, 962, 0.691336052792
727, 963, 0.130368548327
728, 961, 0.716995936736
728, 962, 0.648104741265
728, 963, 0.250483372476
729, 961, 0.343075137626
729, 962, 0.521630409335
729, 963, 0.406441477526
730, 961, 0.840731668336
730, 962, 0.897097801437
730, 963, 0.950699754309
731, 961, 0.0129394215877
731, 962, 0.539539330762
731, 963, 0.702894541762
732, 961, 0.0719712425705
732, 962, 0.721335583198
732, 963, 0.901134214843
733, 961, 0.4167054822
733, 962, 0.563121064582
733, 963, 0.909840446962
734, 961, 0.718399312622
734, 962, 0.268519941532
734, 963, 0.803166230373
735, 961, 0.221351132177
735, 962, 0.533461429203
735, 963, 0.700549287968
736, 961, 0.649914793205
736, 962, 0.605986828097
736, 963, 0.101634798618
737, 961, 0.159561638462
737, 962, 0.195868129592
737, 963, 0.673066854374
738, 961, 0.650975778307
738, 962, 0.140085973701
738, 963, 0.768958263519
739, 961, 0.659447740997
739, 962, 0.975155063818
739, 963, 0.690834585695
740, 961, 0.506897996829
740, 962, 0.485100063761
740, 963, 0.212831848182
741, 961, 0.0925448287044
741, 962, 0.701827512738
741, 963, 0.0695652897815
742, 961, 0.357696797838
742, 962, 0.0283099769266
742, 963, 0.821738236997
743, 961, 0.558556426975
743, 962, 0.907076135348
743, 963, 0.0451438196837
744, 961, 0.448349281783
744, 962, 0.56121926668
744, 963, 0.273047159778
745, 961, 0.666222914028
745, 962, 0.0328061049409
745, 963, 0.988966136631
746, 961, 0.298157209258
746, 962, 0.788833598798
746, 963, 0.594902277809
747, 961, 0.0323234229401
747, 962, 0.962252298178
747, 963, 0.240052636271
748, 961, 0.0999773372748
748, 962, 0.472018744619
748, 963, 0.992209928782
749, 961, 0.473708804844
749, 962, 0.60632239735
749, 963, 0.312502581976
750, 961, 0.033497080858
750, 962, 0.218875495283
750, 963, 0.226064699857
751, 961, 0.941466491407
751, 962, 0.684362250085
751, 963, 0.0981888080743
752, 961, 0.458497775481
752, 962, 0.721553948668
752, 963, 0.189198284256
753, 961, 0.241038407694
753, 962, 0.283175869469
753, 963, 0.611822335891
754, 961, 0.386277432506
754, 962, 0.320091114546
754, 963, 0.940546354645
755, 961, 0.832386352151
755, 962, 0.654381492736
755, 963, 0.719919634159
756, 961, 0.34688942249
756, 962, 0.177632433834
756, 963, 0.438614305476
757, 961, 0.072337487081
757, 962, 0.0268907000429
757, 963, 0.960218603133
758, 961, 0.970235343367
758, 962, 0.188706492355
758, 963, 0.651989602588
759, 961, 0.816989952593
759, 962, 0.208509312337
759, 963, 0.69158009199
760, 961, 0.33858192384
760, 962, 0.761733172776
760, 963, 0.889834003341
761, 961, 0.781281062756
761, 962, 0.301167406329
761, 963, 0.834077204413
762, 961, 0.0400427007298
762, 962, 0.387982979844
762, 963, 0.856081516955
763, 961, 0.785229805654
763, 962, 0.0788073011204
763, 963, 0.739673773381
764, 961, 0.924878752996
764, 962, 0.329146613674
764, 963, 0.476918966315
765, 961, 0.907527360723
765, 962, 0.236609092606
765, 963, 0.36689485242
766, 961, 0.532068419451
766, 962, 0.318724713814
766, 963, 0.747299996161
767, 961, 0.271217126968
767, 962, 0.153933572901
767, 963, 0.646298295287
768, 961, 0.754277122991
768, 962, 0.771426994968
768, 963, 0.976075751028
769, 961, 0.0947746207174
769, 962, 0.154873815568
769, 963, 0.377292009039
770, 961, 0.859678926666
770, 962, 0.218215178616
770, 963, 0.9871924677
771, 961, 0.346697811976
771, 962, 0.0366499968995
771, 963, 0.0609263923288
772, 961, 0.665192089054
772, 962, 0.900793747196
772, 963, 0.687851135172
773, 961, 0.91445937117
773, 962, 0.886407743622
773, 963, 0.368672193212
774, 961, 0.903829853782
774, 962, 0.326080501945
774, 963, 0.156302908432
775, 961, 0.850856131575
775, 962, 0.0315336765361
775, 963, 0.461567132573
776, 961, 0.355425517474
776, 962, 0.17053564668
776, 963, 0.0872177080001
777, 961, 0.741293604106
777, 962, 0.960011167674
777, 963, 0.273743982371
778, 961, 0.710488513542
778, 962, 0.15805747042
778, 963, 0.923560724901
779, 961, 0.085096970144
779, 962, 0.141408963868
779, 963, 0.93280404544
780, 961, 0.0763229838785
780, 962, 0.537420455585
780, 963, 0.472126668296
781, 961, 0.68190269054
781, 962, 0.3774178739
781, 963, 0.166969923598
782, 961, 0.534298374289
782, 962, 0.821760729884
782, 963, 0.850154477982
783, 961, 0.288746128834
783, 962, 0.341904561704
783, 963, 0.882535378356
784, 961, 0.523525146027
784, 962, 0.787166458732
784, 963, 0.120000266848
785, 961, 0.68632060262
785, 962, 0.205418752506
785, 963, 0.663385678727
786, 961, 0.994130922945
786, 962, 0.912498587512
786, 963, 0.24155253337
787, 961, 0.632903850601
787, 962, 0.369181627427
787, 963, 0.506737064827
788, 961, 0.971513386468
788, 962, 0.420739719562
788, 963, 0.387283069715
789, 961, 0.794272455957
789, 962, 0.464531212306
789, 963, 0.848475033385
790, 961, 0.0427477482481
790, 962, 0.413645081807
790, 963, 0.359127807176
791, 961, 0.353941434026
791, 962, 0.732483089828
791, 963, 0.476644944947
792, 961, 0.101295840762
792, 962, 0.188889104821
792, 963, 0.470020856882
793, 961, 0.967311626288
793, 962, 0.801005219757
793, 963, 0.787179172598
794, 961, 0.613407019644
794, 962, 0.133083935556
794, 963, 0.307606120686
795, 961, 0.836622165897
795, 962, 0.668717861902
795, 963, 0.205057220772
796, 961, 0.819321077285
796, 962, 0.64459370933
796, 963, 0.624335955329
797, 961, 0.726502325761
797, 962, 0.487286703762
797, 963, 0.744423781704
798, 961, 0.535612301374
798, 962, 0.588858254854
798, 963, 0.22119917364
799, 961, 0.275175560808
799, 962, 0.406209236026
799, 963, 0.169979991857
800, 961, 0.0496627239082
800, 962, 0.0901544192698
800, 963, 0.703016523607
801, 961, 0.0996022748759
801, 962, 0.067568170533
801, 963, 0.973788936816
802, 961, 0.188127950004
802, 962, 0.32525640061
802, 963, 0.6075505033
803, 961, 0.770601334302
803, 962, 0.398773319089
803, 963, 0.807436486081
804, 961, 0.606571712736
804, 962, 0.493546867184
804, 963, 0.771253158651
805, 961, 0.745722479178
805, 962, 0.60574746154
805, 963, 0.677198118242
806, 961, 0.121842646368
806, 962, 0.459025423619
806, 963, 0.152992198277
807, 961, 0.448296701469
807, 962, 0.778681862971
807, 963, 0.313233765506
808, 961, 0.501605558725
808, 962, 0.490493099016
808, 963, 0.983006174294
809, 961, 0.187569363116
809, 962, 0.08374487665
809, 963, 0.938415719675
810, 961, 0.0304544260587
810, 962, 0.459664953408
810, 963, 0.530635802305
811, 961, 0.601480056849
811, 962, 0.706225655808
811, 963, 0.00676457197971
812, 961, 0.885731030216
812, 962, 0.342543953279
812, 963, 0.569977239381
813, 961, 0.0676084380863
813, 962, 0.633626157211
813, 963, 0.12045470527
814, 961, 0.12584337707
814, 962, 0.140175655556
814, 963, 0.751628062295
815, 961, 0.965550046592
815, 962, 0.124933945962
815, 963, 0.54513561466
816, 961, 0.165753771473
816, 962, 0.850455378544
816, 963, 0.0795360524968
817, 961, 0.367456240662
817, 962, 0.234955287352
817, 963, 0.184271210192
818, 961, 0.417459208285
818, 962, 0.810636476661
818, 963, 0.0110742804888
819, 961, 0.978897634659
819, 962, 0.512036666714
819, 963, 0.125200367961
820, 961, 0.870769521165
820, 962, 0.210534992438
820, 963, 0.886221221897
821, 961, 0.388169457355
821, 962, 0.768450566075
821, 963, 0.530365040071
822, 961, 0.588518387224
822, 962, 0.790532669743
822, 963, 0.520932010306
823, 961, 0.232371657573
823, 962, 0.181822832126
823, 963, 0.873616436647
824, 961, 0.685124153779
824, 962, 0.80612564516
824, 963, 0.00397675918098
825, 961, 0.0429132043613
825, 962, 0.587577290514
825, 963, 0.733639075091
826, 961, 0.50277507379
826, 962, 0.16944048464
826, 963, 0.564082215393
827, 961, 0.725550589044
827, 962, 0.398963060916
827, 963, 0.00443106744093
828, 961, 0.130832674462
828, 962, 0.964703129633
828, 963, 0.776427058427
829, 961, 0.7634344984
829, 962, 0.275861161968
829, 963, 0.262304802112
830, 961, 0.69628195744
830, 962, 0.950187346935
830, 963, 0.682281097861
831, 961, 0.27158037177
831, 962, 0.405335852392
831, 963, 0.0102494053002
832, 961, 0.219997663036
832, 962, 0.158957771601
832, 963, 0.780620441868
833, 961, 0.163368010522
833, 962, 0.938297984734
833, 963, 0.413639765343
834, 961, 0.200119133763
834, 962, 0.0824344801762
834, 963, 0.0783201825482
835, 961, 0.231683351894
835, 962, 0.732571851872
835, 963, 0.457272770678
836, 961, 0.774490991918
836, 962, 0.0161472661341
836, 963, 0.082273025666
837, 961, 0.435913090555
837, 962, 0.682384293382
837, 963, 0.520919280337
838, 961, 0.877594787382
838, 962, 0.100787598667
838, 963, 0.271963321973
839, 961, 0.260314768046
839, 962, 0.700730243967
839, 963, 0.592091198994
840, 961, 0.317777357317
840, 962, 0.806508969752
840, 963, 0.524882945717
841, 961, 0.499065724672
841, 962, 0.900567902916
841, 963, 0.721012953809
842, 961, 0.529854311771
842, 962, 0.212255712664
842, 963, 0.492656704363
843, 961, 0.129342501288
843, 962, 0.175775857807
843, 963, 0.701391143486
844, 961, 0.118573786018
844, 962, 0.585612776529
844, 963, 0.552856860384
845, 961, 0.938633927621
845, 962, 0.93138839463
845, 963, 0.000349849799899
846, 961, 0.492494237508
846, 962, 0.0239438047418
846, 963, 0.726586601085
847, 961, 0.874471702586
847, 962, 0.322143592144
847, 963, 0.186785146666
848, 961, 0.305258789511
848, 962, 0.00527223346613
848, 963, 0.0834936313
849, 961, 0.62703793818
849, 962, 0.776966665036
849, 963, 0.327486514002
850, 961, 0.521943705853
850, 962, 0.0882805623888
850, 963, 0.267130333372
851, 961, 0.612190870049
851, 962, 0.226865096039
851, 963, 0.947041168664
852, 961, 0.0355740951866
852, 962, 0.832575254172
852, 963, 0.342576118328
853, 961, 0.257680149226
853, 962, 0.997784132667
853, 963, 0.0581472997962
854, 961, 0.545137036012
854, 962, 0.47792003024
854, 963, 0.430110594799
855, 961, 0.507024745892
855, 962, 0.7952367345
855, 963, 0.756903673512
856, 961, 0.196309168302
856, 962, 0.580670764674
856, 963, 0.378563681969
857, 961, 0.187135856621
857, 962, 0.825948316611
857, 963, 0.701909161069
858, 961, 0.869652328293
858, 962, 0.469816934297
858, 963, 0.838351283173
859, 961, 0.295655982119
859, 962, 0.58126551574
859, 963, 0.792084205675
860, 961, 0.778856038189
860, 962, 0.716296004638
860, 963, 0.468978012274
861, 961, 0.96818621228
861, 962, 0.165005105292
861, 963, 0.50958327755
862, 961, 0.901630011205
862, 962, 0.855230469597
862, 963, 0.0202350886358
863, 961, 0.761090664448
863, 962, 0.743406213712
863, 963, 0.184860671674
864, 961, 0.74768333043
864, 962, 0.0619292930463
864, 963, 0.162534750655
865, 961, 0.615255407223
865, 962, 0.634030147424
865, 963, 0.539672558569
866, 961, 0.961990359754
866, 962, 0.264838040501
866, 963, 0.29614135334
867, 961, 0.133695311757
867, 962, 0.132742297128
867, 963, 0.764446780205
868, 961, 0.925054865422
868, 962, 0.270243273594
868, 963, 0.134346782366
869, 961, 0.846274718573
869, 962, 0.459141746476
869, 963, 0.657222400267
870, 961, 0.324612827397
870, 962, 0.926749391221
870, 963, 0.641533362822
871, 961, 0.311116842771
871, 962, 0.974057877924
871, 963, 0.530178533104
872, 961, 0.257842989535
872, 962, 0.106455155096
872, 963, 0.168737003145
873, 961, 0.669622352827
873, 962, 0.550546394102
873, 963, 0.30523534892
874, 961, 0.892877377791
874, 962, 0.323363837167
874, 963, 0.849167651641
875, 961, 0.513832057579
875, 962, 0.708693646852
875, 963, 0.842000045914
876, 961, 0.2796499316
876, 962, 0.927205022476
876, 963, 0.897758877706
877, 961, 0.27999430437
877, 962, 0.723829895907
877, 963, 0.667588558428
878, 961, 0.26871663181
878, 962, 0.736186538957
878, 963, 0.306212265793
879, 961, 0.339193920699
879, 962, 0.0804798337467
879, 963, 0.851434432378
880, 961, 0.869744503475
880, 962, 0.684476594339
880, 963, 0.4672308504
881, 961, 0.903796748306
881, 962, 0.412238128519
881, 963, 0.447095035369
882, 961, 0.813429033588
882, 962, 0.915006266925
882, 963, 0.321291196379
883, 961, 0.716251006384
883, 962, 0.693106693494
883, 963, 0.248519574992
884, 961, 0.576257289286
884, 962, 0.319595692451
884, 963, 0.395267537837
885, 961, 0.0848519609787
885, 962, 0.648076764816
885, 963, 0.0482121457348
886, 961, 0.625388456162
886, 962, 0.807991523078
886, 963, 0.584884561849
887, 961, 0.815103781026
887, 962, 0.635071370494
887, 963, 0.0777707982219
888, 961, 0.570232968542
888, 962, 0.519098322588
888, 963, 0.850089277742
889, 961, 0.933757520997
889, 962, 0.193416515497
889, 963, 0.340701424211
890, 961, 0.773859235842
890, 962, 0.910645418731
890, 963, 0.235737052675
891, 961, 0.545564966762
891, 962, 0.187194832462
891, 963, 0.135144227105
892, 961, 0.363050446394
892, 962, 0.797222269934
892, 963, 0.294325046065
893, 961, 0.295784310146
893, 962, 0.422601441345
893, 963, 0.11418744701
894, 961, 0.912948747006
894, 962, 0.660317997069
894, 963, 0.960867399353
895, 961, 0.603708290138
895, 962, 0.700640280587
895, 963, 0.518635659835
896, 961, 0.197112562273
896, 962, 0.799670881761
896, 963, 0.174266969396
897, 961, 0.612307812555
897, 962, 0.92655912471
897, 963, 0.380567421161
898, 961, 0.127146296522
898, 962, 0.012833797653
898, 963, 0.669953332399
899, 961, 0.755004392511
899, 962, 0.967116378171
899, 963, 0.704474300958
900, 961, 0.0801097814773
900, 962, 0.822003048773
900, 963, 0.70302815949
901, 961, 0.581554786172
901, 962, 0.419466641239
901, 963, 0.795129541615
902, 961, 0.248358637876
902, 962, 0.389122921371
902, 963, 0.45810501284
903, 961, 0.114790031552
903, 962, 0.446180559218
903, 963, 0.134932568478
904, 961, 0.217986389636
904, 962, 0.317011892965
904, 963, 0.589164683337
905, 961, 0.749332360972
905, 962, 0.528395684385
905, 963, 0.746273512015
906, 961, 0.369986664499
906, 962, 0.310099943418
906, 963, 0.060316160929
907, 961, 0.100983293182
907, 962, 0.45834831566
907, 963, 0.410023583812
908, 961, 0.419256082926
908, 962, 0.60866305319
908, 963, 0.17577803036
909, 961, 0.135189932488
909, 962, 0.403237226682
909, 963, 0.332269409094
910, 961, 0.8370229848
910, 962, 0.586249868123
910, 963, 0.447667168839
911, 961, 0.648455266059
911, 962, 0.80541886826
911, 963, 0.0185728744582
912, 961, 0.227069992434
912, 962, 0.52316818303
912, 963, 0.631555599658
913, 961, 0.368198678517
913, 962, 0.162908351664
913, 963, 0.917321656375
914, 961, 0.222573500768
914, 962, 0.556362119022
914, 963, 0.0156839692389
915, 961, 0.50076882604
915, 962, 0.702956976186
915, 963, 0.720816770429
916, 961, 0.138140720985
916, 962, 0.417020912759
916, 963, 0.0537629216919
917, 961, 0.656743629416
917, 962, 0.916739216909
917, 963, 0.292004641638
918, 961, 0.058199975889
918, 962, 0.0553132278007
918, 963, 0.659700312436
919, 961, 0.475319336768
919, 962, 0.576364883413
919, 963, 0.773593927853
920, 961, 0.793206443275
920, 962, 0.270356613117
920, 963, 0.792797208203
921, 961, 0.446180564795
921, 962, 0.513160731791
921, 963, 0.612508047961
922, 961, 0.602307598047
922, 962, 0.841277056263
922, 963, 0.306430184437
923, 961, 0.865402728314
923, 962, 0.585032869188
923, 963, 0.16041765325
924, 961, 0.217519292889
924, 962, 0.635634540832
924, 963, 0.270158773139
925, 961, 0.535516389519
925, 962, 0.434298195934
925, 963, 0.222740835055
926, 961, 0.520617168335
926, 962, 0.313417888004
926, 963, 0.411842139765
927, 961, 0.816217626262
927, 962, 0.362141258941
927, 963, 0.525528774826
928, 961, 0.40711951046
928, 962, 0.859360959168
928, 963, 0.631334935277
929, 961, 0.0953869069121
929, 962, 0.584440842088
929, 963, 0.372430800258
930, 961, 0.362426052421
930, 962, 0.0529453002829
930, 963, 0.744267588876
931, 961, 0.707027562521
931, 962, 0.155516418071
931, 963, 0.581940419405
932, 961, 0.0438600591343
932, 962, 0.0233133008671
932, 963, 0.421969359467
933, 961, 0.545245825683
933, 962, 0.169627514805
933, 963, 0.241282440311
934, 961, 0.193232821341
934, 962, 0.675685551705
934, 963, 0.52477955064
935, 961, 0.679349037905
935, 962, 0.266208893972
935, 963, 0.524761704658
936, 961, 0.288599322212
936, 962, 0.140580175874
936, 963, 0.379704946752
937, 961, 0.0313495881316
937, 962, 0.912043609401
937, 963, 0.326057569139
938, 961, 0.937070442135
938, 962, 0.236676679467
938, 963, 0.966441971158
939, 961, 0.815776882711
939, 962, 0.591065605547
939, 963, 0.264757932861
940, 961, 0.642166036016
940, 962, 0.154210988961
940, 963, 0.181891412929
941, 961, 0.968382573411
941, 962, 0.027248687983
941, 963, 0.966834229295
942, 961, 0.55657952379
942, 962, 0.790927637503
942, 963, 0.410602460379
943, 961, 0.524260220018
943, 962, 0.749330659519
943, 963, 0.970615989803
944, 961, 0.0352479279188
944, 962, 0.0232640516771
944, 963, 0.244936042781
945, 961, 0.697524444975
945, 962, 0.350068695772
945, 963, 0.988221541616
946, 961, 0.801680417904
946, 962, 0.0274087167813
946, 963, 0.416970953978
947, 961, 0.314117429433
947, 962, 0.942319237829
947, 963, 0.780155827042
948, 961, 0.0657287095541
948, 962, 0.562883992318
948, 963, 0.66770698125
949, 961, 0.96815314122
949, 962, 0.00822539475267
949, 963, 0.0437770086401
950, 961, 0.604642946026
950, 962, 0.360303615004
950, 963, 0.122034544907
951, 961, 0.488987723473
951, 962, 0.869348829136
951, 963, 0.506708403804
952, 961, 0.985150173889
952, 962, 0.337888280351
952, 963, 0.990010542692
953, 961, 0.422738790854
953, 962, 0.968056514702
953, 963, 0.988909945279
954, 961, 0.444415793256
954, 962, 0.0116017063815
954, 963, 0.395149257038
955, 961, 0.506696764842
955, 962, 0.163904664908
955, 963, 0.774400405825
956, 961, 0.935345240454
956, 962, 0.866782229435
956, 963, 0.298195284087
957, 961, 0.893837015297
957, 962, 0.685967779845
957, 963, 0.154098039211
958, 961, 0.329398844188
958, 962, 0.42692977704
958, 963, 0.149487523096
959, 961, 0.32696039062
959, 962, 0.0419308537482
959, 963, 0.885032028639
960, 961, 0.874599656835
960, 962, 0.147523202031
960, 963, 0.577722069073
 0.577722069073
